0,1,2,1,1,1
1,1,4,1,1,1
2,1,0,0,1,1
3,1,2,0,1,1
4,2,2,0,2,2
5,2,0,0,2,2
6,2,2,0,2,2
7,2,2,0,2,2
8,2,2,0,2,2
9,2,1,0,2,2
10,2,2,1,2,2
11,1,2,0,2,1
12,1,1,1,2,1
13,1,2,0,2,1
14,1,3,0,2,1
15,1,2,1,2,1
16,1,2,0,2,1
17,1,3,1,2,1
18,1,2,1,2,1
19,1,2,0,2,1
20,1,1,0,2,1
21,1,1,0,2,1
22,1,2,0,2,1
23,1,3,1,2,1
24,1,3,1,2,1
25,1,2,0,2,1
26,0,3,0,2,0
27,0,2,1,2,0
28,0,2,0,2,0
29,0,2,0,2,0
30,0,1,1,2,0
31,0,3,1,2,0
32,0,2,0,2,0
33,0,1,0,2,0
34,0,1,0,2,0
35,0,1,1,2,0
36,0,2,0,2,0
37,0,2,0,2,0
38,0,0,0,2,0
39,0,3,0,2,0
40,0,3,2,2,0
41,0,6,1,2,0
42,0,2,1,2,0
43,0,3,1,2,0
44,0,0,0,2,0
45,0,3,0,2,0
46,0,2,0,2,0
47,0,2,0,2,0
48,0,3,0,2,0
49,0,2,0,2,0
50,0,2,0,2,0
51,0,3,1,2,0
52,0,2,0,2,0
53,0,0,0,2,0
54,0,0,0,2,0
55,0,2,1,2,0
56,0,3,0,2,0
57,0,1,0,2,0
58,0,1,0,2,0
59,0,5,1,2,0
60,0,3,0,2,0
61,0,2,0,2,0
62,0,1,0,2,0
63,0,1,0,2,0
64,0,0,0,2,0
65,0,1,0,2,0
66,0,1,0,2,0
67,0,3,0,2,0
68,0,1,0,2,0
69,0,3,0,2,0
70,0,2,1,2,0
71,0,3,1,2,0
72,0,3,0,2,0
73,0,1,0,2,0
74,0,2,1,2,0
75,0,4,2,2,0
76,0,1,1,2,0
77,0,5,1,2,0
78,0,3,0,2,0
79,0,1,0,2,0
80,0,0,1,2,0
81,0,1,1,2,0
82,0,3,1,2,0
83,0,2,0,2,0
84,0,2,0,2,0
85,0,3,0,2,0
86,0,4,0,2,0
87,0,2,0,2,0
88,0,0,0,2,0
89,0,0,0,2,0
90,0,0,0,2,0
91,0,1,0,2,0
92,0,2,1,2,0
93,0,1,1,2,0
94,0,6,1,2,0
95,0,1,1,2,0
96,0,0,1,2,0
97,0,2,0,2,0
98,0,1,1,2,0
99,0,2,2,2,0
100,0,0,0,2,0
101,0,2,1,2,0
102,0,2,0,2,0
103,0,5,0,2,0
104,0,3,0,2,0
105,0,1,0,2,0
106,0,1,0,2,0
107,0,0,0,2,0
108,0,4,0,2,0
109,0,2,0,2,0
110,0,2,0,2,0
111,0,1,1,2,0
112,0,2,1,2,0
113,0,3,0,2,0
114,0,7,0,2,0
115,0,2,0,2,0
116,0,1,1,2,0
117,0,0,1,2,0
118,0,2,2,2,0
119,0,2,2,2,0
120,0,3,2,2,0
121,0,1,1,2,0
122,0,2,1,2,0
123,0,1,0,2,0
124,0,5,0,2,0
125,0,1,1,2,0
126,0,1,0,2,0
127,0,1,0,2,0
128,0,2,0,2,0
129,0,4,0,2,0
130,0,0,0,2,0
131,0,1,0,2,0
132,0,4,0,2,0
133,0,2,0,2,0
134,0,2,0,2,0
135,0,3,0,2,0
136,0,1,0,2,0
137,0,5,0,2,0
138,0,2,0,2,0
139,0,0,2,2,0
140,0,3,1,2,0
141,0,1,2,2,0
142,0,6,0,2,0
143,0,0,1,2,0
144,0,2,0,2,0
145,0,4,0,2,0
146,0,3,0,2,0
147,0,2,0,2,0
148,0,1,0,2,0
149,0,1,3,2,0
150,0,4,1,2,0
151,0,2,0,2,0
152,0,2,2,2,0
153,0,3,0,2,0
154,0,4,1,2,0
155,0,1,0,2,0
156,0,2,0,2,0
157,0,3,0,2,0
158,0,1,0,2,0
159,0,3,0,2,0
160,0,3,0,2,0
161,0,3,0,2,0
162,0,1,1,2,0
163,0,2,0,2,0
164,0,2,0,2,0
165,0,3,1,2,0
166,0,3,1,2,0
167,0,3,0,2,0
168,0,4,0,2,0
169,0,1,0,2,0
170,0,2,0,2,0
171,0,3,0,2,0
172,0,2,0,2,0
173,0,4,0,2,0
174,0,3,1,2,0
175,0,3,0,2,0
176,0,2,0,2,0
177,0,2,0,2,0
178,0,4,0,2,0
179,0,3,0,2,0
180,0,3,0,2,0
181,0,6,0,2,0
182,0,1,0,2,0
183,0,2,1,2,0
184,0,3,0,2,0
185,0,0,0,2,0
186,0,1,0,2,0
187,0,4,0,2,0
188,0,0,0,2,0
189,0,2,0,2,0
190,0,1,0,2,0
191,0,3,0,2,0
192,0,4,0,2,0
193,0,5,0,2,0
194,0,0,0,2,0
195,0,2,1,2,0
196,0,4,0,2,0
197,0,1,0,2,0
198,0,3,1,2,0
199,0,4,1,2,0
200,0,1,1,2,0
201,0,3,0,2,0
202,0,2,0,2,0
203,0,2,0,2,0
204,0,2,0,2,0
205,0,3,0,2,0
206,0,4,0,2,0
207,0,2,0,2,0
208,0,3,2,2,0
209,0,5,0,2,0
210,0,1,2,2,0
211,0,1,0,2,0
212,0,2,0,2,0
213,0,3,0,2,0
214,0,5,0,2,0
215,0,2,0,2,0
216,0,1,0,2,0
217,0,3,0,2,0
218,0,2,0,2,0
219,0,6,0,2,0
220,0,3,0,2,0
221,0,2,0,2,0
222,0,3,1,2,0
223,0,3,0,2,0
224,0,4,0,2,0
225,0,2,0,2,0
226,0,4,0,2,0
227,0,2,0,2,0
228,0,2,0,2,0
229,0,1,1,2,0
230,0,4,0,2,0
231,0,2,0,2,0
232,0,3,0,2,0
233,0,7,0,2,0
234,0,4,0,2,0
235,0,0,0,2,0
236,0,3,0,2,0
237,0,6,0,2,0
238,0,8,0,2,0
239,0,3,0,2,0
240,0,3,0,2,0
241,0,3,0,2,0
242,0,2,1,2,0
243,0,1,0,2,0
244,0,3,0,2,0
245,0,3,0,2,0
246,0,5,0,2,0
247,0,1,0,2,0
248,0,5,0,2,0
249,0,3,0,2,0
250,0,4,0,2,0
251,0,1,0,2,0
252,0,3,0,2,0
253,0,1,0,2,0
254,0,0,0,2,0
255,0,4,0,2,0
256,0,3,0,2,0
257,0,4,0,2,0
258,0,1,0,2,0
259,0,3,2,2,0
260,1,4,1,3,1
261,1,5,0,3,1
262,1,4,0,3,1
263,1,0,0,3,1
264,1,1,0,3,1
265,1,5,1,3,1
266,1,3,0,3,1
267,1,4,0,3,1
268,1,4,0,3,1
269,1,1,0,3,1
270,1,5,0,3,1
271,1,2,0,3,1
272,1,0,1,3,1
273,1,2,0,3,1
274,1,4,0,3,1
275,1,4,0,3,1
276,1,4,0,3,1
277,0,7,0,3,0
278,0,2,1,3,0
279,0,6,2,3,0
280,0,3,1,3,0
281,0,1,1,3,0
282,0,3,1,3,0
283,0,1,1,3,0
284,0,3,2,3,0
285,0,4,0,3,0
286,0,4,0,3,0
287,0,1,0,3,0
288,0,2,0,3,0
289,0,1,0,3,0
290,0,4,0,3,0
291,0,0,0,3,0
292,0,5,0,3,0
293,0,3,0,3,0
294,0,4,0,3,0
295,0,2,0,3,0
296,0,2,0,3,0
297,0,3,0,3,0
298,0,1,0,3,0
299,0,1,0,3,0
300,0,2,0,3,0
301,0,2,0,3,0
302,0,2,0,3,0
303,0,4,0,3,0
304,0,1,0,3,0
305,0,3,0,3,0
306,0,3,0,3,0
307,0,4,0,3,0
308,0,2,1,3,0
309,0,3,0,3,0
310,0,3,0,3,0
311,0,3,0,3,0
312,0,3,1,2,0
313,0,1,0,2,0
314,0,4,0,2,0
315,0,4,0,2,0
316,0,6,0,2,0
317,0,5,0,2,0
318,0,5,1,2,0
319,0,1,0,2,0
320,0,6,1,2,0
321,0,4,0,2,0
322,0,3,1,2,0
323,0,4,0,2,0
324,0,4,0,2,0
325,0,5,0,2,0
326,0,6,0,2,0
327,0,5,0,1,0
328,0,3,0,1,0
329,0,5,0,1,0
330,0,5,0,1,0
331,0,3,0,1,0
332,0,0,0,1,0
333,0,6,0,1,0
334,0,3,0,1,0
335,0,5,0,1,0
336,0,1,1,1,0
337,0,3,0,1,0
338,0,5,0,1,0
339,0,4,1,1,0
340,0,1,1,1,0
341,0,1,0,1,0
342,0,2,0,1,0
343,0,3,0,1,0
344,0,6,0,1,0
345,0,0,0,1,0
346,0,3,0,1,0
347,0,2,0,1,0
348,0,2,0,1,0
349,0,4,0,1,0
350,0,5,1,1,0
351,0,3,2,1,0
352,0,0,1,1,0
353,0,4,1,1,0
354,0,3,0,1,0
355,0,2,0,1,0
356,0,1,0,1,0
357,0,3,0,1,0
358,0,3,0,1,0
359,0,2,1,1,0
360,0,3,1,1,0
361,0,2,0,1,0
362,0,0,0,1,0
363,0,2,1,1,0
364,0,5,1,1,0
365,0,5,2,1,0
366,0,4,2,1,0
367,0,2,1,1,0
368,0,4,0,1,0
369,0,0,0,1,0
370,0,2,0,1,0
371,0,5,0,1,0
372,0,4,0,1,0
373,0,5,0,1,0
374,0,2,0,1,0
375,0,2,0,1,0
376,0,2,0,1,0
377,0,1,0,1,0
378,0,6,0,1,0
379,0,2,0,1,0
380,0,4,0,1,0
381,0,0,0,1,0
382,0,1,0,1,0
383,0,5,0,1,0
384,0,1,1,1,0
385,0,0,0,1,0
386,0,3,2,1,0
387,0,2,2,1,0
388,0,1,1,1,0
389,0,3,0,1,0
390,0,3,0,1,0
391,0,2,0,1,0
392,0,6,0,1,0
393,0,4,0,1,0
394,0,5,0,1,0
395,0,1,0,1,0
396,0,3,0,1,0
397,0,4,0,1,0
398,0,4,1,1,0
399,0,4,1,1,0
400,0,2,1,1,0
401,0,4,0,1,0
402,0,4,0,1,0
403,0,7,0,1,0
404,0,0,0,1,0
405,0,5,0,1,0
406,0,3,0,1,0
407,0,4,0,1,0
408,0,3,0,1,0
409,0,3,0,1,0
410,0,7,0,1,0
411,0,4,0,1,0
412,0,2,0,1,0
413,0,1,0,1,0
414,0,3,0,1,0
415,0,2,0,1,0
416,0,4,0,1,0
417,0,2,0,1,0
418,0,2,0,1,0
419,0,5,0,1,0
420,0,4,0,1,0
421,0,4,0,1,0
422,0,4,0,1,0
423,0,2,0,1,0
424,0,5,0,1,0
425,0,4,1,1,0
426,0,2,0,1,0
427,0,3,0,1,0
428,0,3,0,1,0
429,0,3,0,1,0
430,0,3,0,1,0
431,0,2,0,1,0
432,0,3,1,1,0
433,0,6,1,1,0
434,0,1,0,1,0
435,0,7,0,1,0
436,0,3,0,1,0
437,0,3,0,1,0
438,0,2,0,1,0
439,0,2,0,1,0
440,0,2,0,1,0
441,0,7,0,1,0
442,0,2,0,1,0
443,0,2,0,1,0
444,0,1,0,1,0
445,0,0,1,1,0
446,0,6,1,1,0
447,0,3,0,1,0
448,0,2,0,1,0
449,0,5,0,1,0
450,0,1,0,1,0
451,0,1,0,1,0
452,0,7,2,1,0
453,0,6,1,1,0
454,0,3,0,1,0
455,0,4,0,1,0
456,0,2,0,1,0
457,0,3,0,1,0
458,0,3,0,1,0
459,0,2,0,1,0
460,0,3,0,1,0
461,0,1,0,1,0
462,0,2,0,1,0
463,0,6,0,1,0
464,0,1,0,1,0
465,0,5,0,1,0
466,0,2,0,1,0
467,0,4,0,1,0
468,0,5,0,1,0
469,0,5,0,1,0
470,0,4,2,1,0
471,0,2,2,1,0
472,0,4,1,1,0
473,0,2,1,1,0
474,0,6,0,1,0
475,0,2,1,1,0
476,0,5,0,1,0
477,0,3,0,1,0
478,0,2,1,1,0
479,0,2,0,1,0
480,0,6,0,1,0
481,0,5,1,1,0
482,0,6,1,1,0
483,0,1,0,1,0
484,0,5,1,1,0
485,0,1,2,1,0
486,0,7,0,1,0
487,0,4,0,1,0
488,0,5,0,1,0
489,0,4,0,1,0
490,0,2,0,1,0
491,0,3,0,1,0
492,0,2,0,1,0
493,0,4,0,1,0
494,0,2,1,1,0
495,0,2,2,1,0
496,0,3,2,1,0
497,0,3,0,1,0
498,0,5,0,1,0
499,0,4,0,1,0
500,0,5,0,1,0
501,0,5,0,1,0
502,0,5,0,1,0
503,0,4,0,1,0
504,0,2,0,1,0
505,0,2,0,1,0
506,0,1,0,1,0
507,0,3,0,1,0
508,0,4,0,1,0
509,0,7,0,1,0
510,0,6,0,1,0
511,0,2,0,1,0
512,0,4,0,1,0
513,0,3,0,1,0
514,0,1,0,1,0
515,0,3,0,1,0
516,0,2,0,1,0
517,0,4,0,1,0
518,0,4,0,1,0
519,0,2,0,1,0
520,0,4,0,1,0
521,0,5,0,1,0
522,0,4,0,1,0
523,0,4,0,1,0
524,0,5,0,1,0
525,0,3,0,1,0
526,0,2,0,1,0
527,0,4,0,1,0
528,0,4,0,1,0
529,0,3,0,1,0
530,0,1,0,1,0
531,0,1,0,1,0
532,0,3,0,1,0
533,0,3,0,1,0
534,0,2,0,1,0
535,0,2,0,1,0
536,0,3,0,1,0
537,0,1,0,1,0
538,0,4,1,1,0
539,0,0,0,1,0
540,0,3,0,1,0
541,0,3,0,1,0
542,0,3,0,1,0
543,0,5,0,1,0
544,0,1,0,1,0
545,0,2,0,1,0
546,0,3,0,1,0
547,0,3,0,1,0
548,0,4,0,1,0
549,0,2,0,1,0
550,0,3,0,1,0
551,0,3,0,1,0
552,0,5,0,1,0
553,0,3,0,1,0
554,0,1,1,1,0
555,0,3,1,1,0
556,0,1,0,1,0
557,0,5,0,1,0
558,0,3,1,1,0
559,0,4,1,1,0
560,0,2,0,1,0
561,0,5,0,1,0
562,0,2,1,1,0
563,0,1,1,1,0
564,0,5,1,1,0
565,0,4,0,1,0
566,0,4,1,1,0
567,0,2,0,1,0
568,0,2,0,1,0
569,0,3,0,1,0
570,0,4,0,1,0
571,0,4,0,1,0
572,0,5,1,1,0
573,0,3,0,1,0
574,0,2,1,1,0
575,0,5,0,1,0
576,0,2,1,1,0
577,0,4,0,1,0
578,0,1,0,0,0
579,0,1,0,0,0
580,0,4,1,0,0
581,0,1,0,0,0
582,0,4,0,0,0
583,0,5,0,0,0
584,0,3,1,0,0
585,0,5,0,0,0
586,0,4,0,0,0
587,0,6,0,0,0
588,0,0,1,0,0
589,0,3,0,0,0
590,0,3,0,0,0
591,0,3,0,0,0
592,0,1,0,0,0
593,0,4,0,0,0
594,0,3,0,0,0
595,0,2,0,0,0
596,0,2,2,0,0
597,0,4,0,0,0
598,0,2,0,0,0
599,0,2,1,0,0
600,0,3,1,0,0
601,0,3,1,0,0
602,0,2,2,0,0
603,0,6,0,0,0
604,0,4,1,0,0
605,0,4,0,0,0
606,0,2,0,0,0
607,0,0,0,0,0
608,0,6,0,0,0
609,0,3,0,0,0
610,0,5,0,0,0
611,0,5,1,0,0
612,0,5,2,0,0
613,0,6,0,0,0
614,0,5,0,0,0
615,0,4,1,0,0
616,0,3,0,0,0
617,0,1,1,0,0
618,0,1,0,0,0
619,0,2,0,0,0
620,0,5,1,0,0
621,0,3,1,0,0
622,0,3,0,0,0
623,0,4,0,0,0
624,0,3,0,0,0
625,0,1,1,0,0
626,0,2,0,0,0
627,0,1,0,0,0
628,0,1,0,0,0
629,0,4,0,0,0
630,0,3,0,0,0
631,0,8,0,0,0
632,0,3,0,0,0
633,0,3,0,0,0
634,0,1,0,0,0
635,0,5,0,0,0
636,0,3,1,0,0
637,0,3,1,0,0
638,0,5,1,0,0
639,0,3,0,0,0
640,0,3,1,0,0
641,0,1,0,0,0
642,0,4,0,0,0
643,0,2,0,0,0
644,0,2,2,0,0
645,0,3,0,0,0
646,0,8,0,0,0
647,0,7,1,0,0
648,0,7,0,0,0
649,0,5,0,0,0
650,0,3,0,0,0
651,0,3,0,0,0
652,0,3,1,0,0
653,0,1,1,0,0
654,0,1,1,0,0
655,0,3,0,0,0
656,0,1,1,0,0
657,0,3,0,0,0
658,0,6,0,0,0
659,0,3,1,0,0
660,0,4,2,0,0
661,0,0,0,0,0
662,0,5,1,0,0
663,0,3,0,0,0
664,0,3,0,0,0
665,0,3,0,0,0
666,0,2,0,0,0
667,0,3,1,0,0
668,0,3,0,0,0
669,0,4,0,0,0
670,0,7,0,0,0
671,0,3,0,0,0
672,0,5,0,0,0
673,0,3,0,0,0
674,0,1,0,0,0
675,0,2,1,0,0
676,0,1,0,0,0
677,0,3,0,0,0
678,0,3,0,0,0
679,0,0,1,0,0
680,0,6,0,0,0
681,0,3,0,0,0
682,0,5,0,0,0
683,0,4,0,0,0
684,0,4,0,0,0
685,0,2,0,0,0
686,0,2,0,0,0
687,0,2,0,0,0
688,0,2,0,0,0
689,0,2,0,0,0
690,0,5,0,0,0
691,0,7,0,0,0
692,0,2,0,0,0
693,0,5,0,0,0
694,0,2,0,0,0
695,0,3,0,0,0
696,0,1,0,0,0
697,0,1,0,0,0
698,0,2,1,0,0
699,0,5,1,0,0
700,0,0,0,0,0
701,0,3,0,0,0
702,0,4,1,0,0
703,0,4,0,0,0
704,0,3,0,0,0
705,0,3,1,0,0
706,0,1,2,0,0
707,0,5,0,0,0
708,0,4,1,0,0
709,0,3,2,0,0
710,0,3,2,0,0
711,0,2,0,0,0
712,0,4,0,0,0
713,0,2,0,0,0
714,0,3,0,0,0
715,0,3,0,0,0
716,0,4,1,0,0
717,0,5,0,0,0
718,0,2,0,0,0
719,0,2,0,0,0
720,0,6,0,0,0
721,0,1,0,0,0
722,0,2,0,0,0
723,0,3,0,0,0
724,0,3,1,0,0
725,0,3,0,0,0
726,0,2,1,0,0
727,0,3,0,0,0
728,0,3,0,0,0
729,0,3,0,0,0
730,0,3,0,0,0
731,0,2,0,0,0
732,0,6,0,0,0
733,0,2,0,0,0
734,0,1,0,0,0
735,0,6,1,0,0
736,0,3,0,0,0
737,0,5,0,0,0
738,0,2,0,0,0
739,0,6,0,0,0
740,0,2,0,0,0
741,0,3,0,0,0
742,0,6,0,0,0
743,0,3,0,0,0
744,0,6,0,0,0
745,0,2,0,0,0
746,0,5,0,0,0
747,0,3,0,0,0
748,0,3,0,0,0
749,0,1,0,0,0
750,0,3,0,0,0
751,0,1,0,0,0
752,0,0,0,0,0
753,0,2,0,0,0
754,0,3,0,0,0
755,0,2,0,0,0
756,0,5,0,0,0
757,0,2,0,0,0
758,0,1,1,0,0
759,0,3,0,0,0
760,0,3,0,0,0
761,0,3,1,0,0
762,0,2,0,0,0
763,0,2,0,0,0
764,0,0,0,0,0
765,0,7,0,0,0
766,0,4,0,0,0
767,0,3,0,0,0
768,0,4,0,0,0
769,0,7,0,0,0
770,1,4,2,1,1
771,1,6,1,1,1
772,1,2,1,1,1
773,1,5,1,1,1
774,1,0,1,1,1
775,1,1,0,1,1
776,1,4,0,1,1
777,1,2,0,1,1
778,1,5,0,1,1
779,2,7,1,2,2
780,2,6,0,2,2
781,2,5,0,2,2
782,2,3,1,2,2
783,1,5,0,2,1
784,1,6,0,2,1
785,1,1,0,2,1
786,1,3,0,2,1
787,1,2,0,2,1
788,1,6,0,2,1
789,1,2,0,2,1
790,1,5,0,2,1
791,1,3,1,2,1
792,1,5,0,2,1
793,1,5,0,2,1
794,1,4,0,2,1
795,1,4,1,2,1
796,1,7,0,2,1
797,1,0,0,2,1
798,1,3,0,2,1
799,1,6,0,2,1
800,1,8,1,2,1
801,1,1,2,2,1
802,1,2,1,2,1
803,1,3,0,2,1
804,1,9,1,2,1
805,1,1,1,2,1
806,1,4,0,2,1
807,1,3,0,2,1
808,1,3,0,2,1
809,1,5,0,2,1
810,1,5,0,2,1
811,1,4,0,2,1
812,1,3,0,2,1
813,1,3,0,2,1
814,1,5,2,2,1
815,1,6,0,2,1
816,1,1,0,2,1
817,1,3,0,2,1
818,1,4,0,2,1
819,1,3,0,2,1
820,1,3,1,2,1
821,1,3,0,2,1
822,1,3,0,2,1
823,1,2,0,2,1
824,1,4,2,2,1
825,1,3,0,2,1
826,1,2,0,2,1
827,1,4,0,2,1
828,1,5,0,2,1
829,1,2,1,2,1
830,1,5,1,2,1
831,1,2,0,2,1
832,1,0,1,2,1
833,1,3,2,2,1
834,1,6,2,2,1
835,1,4,0,2,1
836,1,5,0,2,1
837,1,5,0,2,1
838,1,1,0,2,1
839,1,4,1,2,1
840,1,7,0,2,1
841,1,1,1,2,1
842,1,6,0,2,1
843,1,5,0,2,1
844,1,3,0,2,1
845,1,4,0,2,1
846,1,5,1,2,1
847,1,3,1,2,1
848,1,5,1,2,1
849,1,4,1,2,1
850,1,1,1,2,1
851,1,6,1,2,1
852,1,7,1,2,1
853,2,6,1,3,2
854,2,7,0,3,2
855,2,4,0,3,2
856,2,3,0,3,2
857,1,6,0,3,1
858,1,8,0,3,1
859,2,4,0,4,2
860,2,5,0,4,2
861,2,3,0,4,2
862,2,2,0,4,2
863,2,6,0,4,2
864,2,2,1,4,2
865,2,3,1,4,2
866,2,2,1,4,2
867,2,2,0,4,2
868,2,5,0,4,2
869,2,2,0,4,2
870,2,3,0,4,2
871,2,0,1,4,2
872,2,2,0,4,2
873,1,3,0,4,1
874,1,3,0,4,1
875,1,5,0,4,1
876,1,5,0,4,1
877,1,5,0,4,1
878,1,5,0,4,1
879,1,3,0,4,1
880,1,4,0,4,1
881,1,3,1,4,1
882,1,9,1,4,1
883,1,3,0,4,1
884,1,8,0,4,1
885,1,2,0,4,1
886,1,4,0,4,1
887,1,7,1,4,1
888,1,3,3,4,1
889,1,6,1,4,1
890,1,4,1,4,1
891,1,6,1,4,1
892,1,3,0,4,1
893,1,3,0,4,1
894,1,5,1,4,1
895,1,3,0,4,1
896,1,4,0,4,1
897,1,4,0,4,1
898,1,6,0,4,1
899,1,1,0,4,1
900,1,5,1,4,1
901,1,5,0,4,1
902,1,5,0,4,1
903,1,5,1,4,1
904,0,4,0,4,0
905,0,6,0,4,0
906,0,3,0,4,0
907,0,2,0,4,0
908,0,9,0,4,0
909,0,8,0,4,0
910,0,2,0,4,0
911,0,6,0,4,0
912,0,4,0,4,0
913,0,8,0,4,0
914,0,3,0,4,0
915,0,5,0,4,0
916,0,3,0,4,0
917,0,1,0,4,0
918,0,7,2,4,0
919,0,5,1,4,0
920,0,7,1,4,0
921,0,3,0,4,0
922,0,4,0,4,0
923,0,4,0,4,0
924,0,6,0,4,0
925,0,1,0,4,0
926,0,4,0,4,0
927,0,4,1,4,0
928,0,2,0,4,0
929,0,5,0,4,0
930,0,4,1,4,0
931,0,6,1,4,0
932,0,2,0,4,0
933,0,3,1,4,0
934,0,2,0,4,0
935,0,6,0,4,0
936,0,5,0,4,0
937,0,7,0,4,0
938,0,5,0,4,0
939,0,2,0,4,0
940,0,5,0,4,0
941,0,0,0,4,0
942,0,3,0,4,0
943,0,5,0,4,0
944,0,4,0,4,0
945,0,4,1,4,0
946,0,6,0,4,0
947,0,5,0,4,0
948,0,5,0,4,0
949,0,4,0,4,0
950,0,6,0,4,0
951,0,7,0,4,0
952,0,5,0,4,0
953,0,6,0,4,0
954,0,5,0,4,0
955,0,8,0,4,0
956,0,2,0,4,0
957,0,2,1,4,0
958,0,3,0,4,0
959,0,4,0,4,0
960,0,5,0,4,0
961,0,3,0,4,0
962,0,6,0,4,0
963,0,4,0,4,0
964,0,4,0,4,0
965,0,4,0,4,0
966,0,2,0,4,0
967,0,4,0,4,0
968,0,11,0,4,0
969,0,5,0,4,0
970,0,7,0,4,0
971,0,3,0,4,0
972,0,4,0,4,0
973,0,5,0,4,0
974,0,2,0,4,0
975,0,3,0,4,0
976,0,6,1,4,0
977,0,1,0,4,0
978,0,4,0,4,0
979,0,3,0,4,0
980,0,4,0,4,0
981,0,2,0,4,0
982,0,1,0,4,0
983,0,6,0,4,0
984,0,5,0,4,0
985,0,6,1,4,0
986,0,4,0,4,0
987,0,3,0,4,0
988,0,5,0,4,0
989,0,7,0,4,0
990,0,0,0,4,0
991,0,6,0,4,0
992,0,2,0,4,0
993,0,3,0,4,0
994,0,2,1,4,0
995,0,6,0,4,0
996,0,4,0,4,0
997,0,2,1,4,0
998,0,5,1,4,0
999,0,3,2,4,0
1000,0,4,1,4,0
1001,0,8,1,4,0
1002,0,5,1,4,0
1003,0,3,1,4,0
1004,0,5,1,4,0
1005,0,9,0,4,0
1006,0,4,0,4,0
1007,0,5,0,4,0
1008,0,2,0,4,0
1009,0,11,0,4,0
1010,0,6,0,4,0
1011,0,6,0,4,0
1012,0,3,0,4,0
1013,0,3,0,4,0
1014,0,3,0,4,0
1015,0,3,0,4,0
1016,0,5,0,4,0
1017,0,3,0,4,0
1018,0,5,0,4,0
1019,0,7,0,4,0
1020,0,6,1,4,0
1021,0,3,0,4,0
1022,0,4,0,4,0
1023,0,4,0,4,0
1024,0,5,0,4,0
1025,0,7,1,4,0
1026,0,4,1,4,0
1027,0,3,0,4,0
1028,0,4,1,4,0
1029,0,3,0,4,0
1030,0,1,0,4,0
1031,0,2,0,4,0
1032,0,4,1,4,0
1033,0,7,0,4,0
1034,0,4,0,4,0
1035,0,3,3,4,0
1036,0,2,0,4,0
1037,0,4,0,4,0
1038,0,3,1,4,0
1039,0,6,0,4,0
1040,0,6,0,4,0
1041,0,3,0,4,0
1042,0,4,1,4,0
1043,0,4,0,4,0
1044,0,5,1,4,0
1045,0,5,0,4,0
1046,0,3,0,4,0
1047,0,5,0,4,0
1048,0,5,1,4,0
1049,0,5,0,4,0
1050,0,4,0,4,0
1051,0,4,0,4,0
1052,0,3,0,4,0
1053,0,6,0,4,0
1054,0,5,0,4,0
1055,0,3,1,4,0
1056,0,7,0,4,0
1057,0,4,0,4,0
1058,0,6,0,4,0
1059,0,6,0,4,0
1060,0,6,0,4,0
1061,0,7,0,4,0
1062,0,5,0,4,0
1063,0,9,0,4,0
1064,0,2,0,4,0
1065,0,5,0,4,0
1066,0,5,0,4,0
1067,0,4,0,4,0
1068,0,4,0,4,0
1069,0,5,1,4,0
1070,0,7,0,4,0
1071,0,4,0,4,0
1072,0,3,1,4,0
1073,0,7,0,4,0
1074,0,6,0,4,0
1075,0,5,0,4,0
1076,0,3,1,4,0
1077,0,5,0,4,0
1078,0,3,0,4,0
1079,0,7,0,4,0
1080,0,2,1,4,0
1081,0,3,2,4,0
1082,0,4,1,4,0
1083,0,3,0,4,0
1084,0,4,1,3,0
1085,0,2,1,3,0
1086,0,8,0,3,0
1087,0,3,0,3,0
1088,0,3,0,3,0
1089,0,4,0,3,0
1090,0,3,0,3,0
1091,0,5,1,3,0
1092,0,5,0,3,0
1093,0,3,0,3,0
1094,0,7,0,3,0
1095,0,3,0,3,0
1096,0,1,0,3,0
1097,0,4,1,3,0
1098,0,2,0,3,0
1099,0,3,0,3,0
1100,0,4,0,3,0
1101,0,3,0,3,0
1102,0,5,0,3,0
1103,0,6,0,3,0
1104,0,7,0,3,0
1105,0,3,0,3,0
1106,0,4,1,3,0
1107,0,4,0,3,0
1108,0,6,0,3,0
1109,0,8,0,3,0
1110,0,2,1,3,0
1111,0,5,0,3,0
1112,0,4,0,3,0
1113,0,5,0,3,0
1114,0,4,2,3,0
1115,0,1,2,3,0
1116,0,6,0,3,0
1117,0,4,0,3,0
1118,0,5,0,3,0
1119,0,4,0,3,0
1120,0,3,0,3,0
1121,0,6,0,3,0
1122,0,6,0,3,0
1123,0,3,0,3,0
1124,0,1,0,3,0
1125,0,4,1,3,0
1126,0,3,0,3,0
1127,0,9,0,3,0
1128,0,4,1,3,0
1129,0,3,0,3,0
1130,0,4,0,3,0
1131,0,4,0,3,0
1132,0,0,0,3,0
1133,0,5,0,3,0
1134,0,2,0,3,0
1135,0,6,0,3,0
1136,0,5,0,3,0
1137,0,3,0,3,0
1138,0,8,0,3,0
1139,0,5,0,3,0
1140,0,3,2,3,0
1141,0,5,0,3,0
1142,0,4,0,3,0
1143,0,8,0,3,0
1144,0,2,0,3,0
1145,0,3,1,3,0
1146,0,6,0,3,0
1147,0,2,1,3,0
1148,0,3,1,3,0
1149,0,2,0,3,0
1150,0,3,0,3,0
1151,0,8,0,3,0
1152,0,3,0,3,0
1153,0,4,0,3,0
1154,0,7,1,3,0
1155,0,5,0,3,0
1156,0,3,0,3,0
1157,0,3,0,3,0
1158,0,8,1,2,0
1159,0,2,0,2,0
1160,0,1,0,2,0
1161,0,9,0,2,0
1162,0,7,0,2,0
1163,0,4,0,2,0
1164,0,4,0,2,0
1165,0,3,0,2,0
1166,0,2,1,2,0
1167,0,7,1,2,0
1168,0,2,0,2,0
1169,0,4,0,2,0
1170,0,4,0,2,0
1171,0,5,0,2,0
1172,0,5,0,2,0
1173,0,3,0,2,0
1174,0,3,0,1,0
1175,0,4,0,1,0
1176,0,5,0,1,0
1177,0,2,1,1,0
1178,0,2,0,1,0
1179,0,6,0,1,0
1180,0,4,0,1,0
1181,0,4,1,1,0
1182,0,7,0,1,0
1183,0,0,0,1,0
1184,0,4,1,1,0
1185,0,3,0,1,0
1186,0,3,1,1,0
1187,0,5,0,1,0
1188,0,4,0,1,0
1189,0,7,1,1,0
1190,0,4,0,1,0
1191,0,2,0,1,0
1192,0,4,1,1,0
1193,0,3,1,1,0
1194,0,3,1,1,0
1195,0,5,0,1,0
1196,0,2,0,1,0
1197,0,4,0,1,0
1198,0,2,0,1,0
1199,0,3,0,1,0
1200,0,6,0,1,0
1201,0,9,1,1,0
1202,0,9,0,1,0
1203,0,1,1,1,0
1204,0,7,2,1,0
1205,0,5,1,0,0
1206,0,4,1,0,0
1207,0,3,0,0,0
1208,0,3,1,0,0
1209,0,8,1,0,0
1210,0,10,0,0,0
1211,0,6,0,0,0
1212,0,9,1,0,0
1213,0,3,0,0,0
1214,0,4,0,0,0
1215,0,4,1,0,0
1216,0,4,1,0,0
1217,0,2,0,0,0
1218,0,2,2,0,0
1219,0,4,0,0,0
1220,0,5,0,0,0
1221,0,6,0,0,0
1222,0,8,0,0,0
1223,0,5,0,0,0
1224,0,5,0,0,0
1225,0,5,0,0,0
1226,0,1,0,0,0
1227,0,7,0,0,0
1228,0,6,0,0,0
1229,0,4,0,0,0
1230,0,3,1,0,0
1231,0,6,1,0,0
1232,0,5,1,0,0
1233,0,2,1,0,0
1234,0,3,1,0,0
1235,0,4,2,0,0
1236,0,5,0,0,0
1237,0,2,0,0,0
1238,0,5,0,0,0
1239,0,5,0,0,0
1240,0,9,0,0,0
1241,0,3,0,0,0
1242,0,2,1,0,0
1243,0,1,1,0,0
1244,0,5,0,0,0
1245,0,1,0,0,0
1246,0,5,0,0,0
1247,0,6,0,0,0
1248,0,5,0,0,0
1249,0,2,0,0,0
1250,0,4,0,0,0
1251,0,2,1,0,0
1252,0,4,1,0,0
1253,0,5,2,0,0
1254,0,9,0,0,0
1255,0,4,2,0,0
1256,0,4,0,0,0
1257,0,7,1,0,0
1258,0,4,0,0,0
1259,0,3,1,0,0
1260,0,4,0,0,0
1261,0,5,1,0,0
1262,0,5,0,0,0
1263,0,8,0,0,0
1264,0,5,0,0,0
1265,0,7,0,0,0
1266,0,3,0,0,0
1267,0,5,1,0,0
1268,0,4,0,0,0
1269,0,5,0,0,0
1270,0,6,0,0,0
1271,0,6,1,0,0
1272,0,6,1,0,0
1273,0,2,1,0,0
1274,0,6,0,0,0
1275,0,5,0,0,0
1276,0,4,0,0,0
1277,0,4,0,0,0
1278,0,4,1,0,0
1279,0,3,0,0,0
1280,0,5,0,0,0
1281,0,5,1,0,0
1282,0,4,0,0,0
1283,0,4,0,0,0
1284,0,1,0,0,0
1285,0,5,0,0,0
1286,0,7,0,0,0
1287,0,2,0,0,0
1288,0,3,0,0,0
1289,0,5,0,0,0
1290,0,4,0,0,0
1291,0,3,1,0,0
1292,0,7,0,0,0
1293,0,5,0,0,0
1294,0,0,1,0,0
1295,0,5,1,0,0
1296,0,2,1,0,0
1297,0,2,0,0,0
1298,0,4,0,0,0
1299,0,3,0,0,0
1300,0,8,0,0,0
1301,0,4,0,0,0
1302,0,7,0,0,0
1303,0,8,0,0,0
1304,0,3,0,0,0
1305,0,2,1,0,0
1306,0,1,1,0,0
1307,0,5,1,0,0
1308,0,1,0,0,0
1309,0,2,1,0,0
1310,0,2,1,0,0
1311,0,3,0,0,0
1312,0,5,0,0,0
1313,0,2,0,0,0
1314,0,5,1,0,0
1315,0,3,1,0,0
1316,0,2,0,0,0
1317,0,6,1,0,0
1318,0,3,1,0,0
1319,0,4,0,0,0
1320,0,3,0,0,0
1321,0,3,1,0,0
1322,0,6,0,0,0
1323,0,10,0,0,0
1324,0,3,1,0,0
1325,0,4,1,0,0
1326,0,4,0,0,0
1327,0,4,0,0,0
1328,0,5,0,0,0
1329,0,6,0,0,0
1330,0,2,0,0,0
1331,0,5,0,0,0
1332,0,1,0,0,0
1333,0,7,0,0,0
1334,0,2,0,0,0
1335,0,5,0,0,0
1336,0,3,2,0,0
1337,0,4,0,0,0
1338,0,6,0,0,0
1339,0,6,0,0,0
1340,0,5,1,0,0
1341,0,3,1,0,0
1342,0,3,0,0,0
1343,0,6,0,0,0
1344,0,1,0,0,0
1345,0,4,0,0,0
1346,0,4,0,0,0
1347,0,3,0,0,0
1348,0,6,1,0,0
1349,0,8,0,0,0
1350,0,2,1,0,0
1351,0,8,0,0,0
1352,0,6,0,0,0
1353,0,1,0,0,0
1354,0,6,0,0,0
1355,0,3,0,0,0
1356,0,5,0,0,0
1357,0,3,0,0,0
1358,0,6,0,0,0
1359,0,2,1,0,0
1360,0,3,0,0,0
1361,0,3,0,0,0
1362,0,2,0,0,0
1363,0,7,1,0,0
1364,0,7,0,0,0
1365,0,5,1,0,0
1366,0,3,0,0,0
1367,0,2,0,0,0
1368,0,3,0,0,0
1369,0,5,1,0,0
1370,0,4,1,0,0
1371,0,7,0,0,0
1372,0,4,0,0,0
1373,0,6,0,0,0
1374,0,7,0,0,0
1375,0,7,0,0,0
1376,0,4,1,0,0
1377,0,9,0,0,0
1378,0,4,0,0,0
1379,0,4,0,0,0
1380,0,8,0,0,0
1381,0,2,0,0,0
1382,0,3,0,0,0
1383,0,1,0,0,0
1384,0,6,0,0,0
1385,0,6,0,0,0
1386,0,3,0,0,0
1387,0,4,0,0,0
1388,0,5,0,0,0
1389,0,3,0,0,0
1390,0,4,2,0,0
1391,0,2,0,0,0
1392,0,4,0,0,0
1393,0,3,0,0,0
1394,0,9,0,0,0
1395,0,5,0,0,0
1396,0,3,0,0,0
1397,0,6,0,0,0
1398,0,6,1,0,0
1399,0,7,0,0,0
1400,0,1,0,0,0
1401,0,1,0,0,0
1402,0,4,0,0,0
1403,0,11,0,0,0
1404,0,4,1,0,0
1405,0,6,1,0,0
1406,0,1,0,0,0
1407,0,6,0,0,0
1408,0,3,0,0,0
1409,0,2,1,0,0
1410,0,2,1,0,0
1411,0,4,0,0,0
1412,0,3,0,0,0
1413,0,2,0,0,0
1414,0,5,0,0,0
1415,0,1,0,0,0
1416,0,8,1,0,0
1417,0,3,1,0,0
1418,0,3,1,0,0
1419,0,6,0,0,0
1420,0,2,0,0,0
1421,0,4,1,0,0
1422,0,6,0,0,0
1423,0,2,1,0,0
1424,0,7,1,0,0
1425,0,4,0,0,0
1426,0,4,0,0,0
1427,0,4,2,0,0
1428,0,4,0,0,0
1429,0,2,0,0,0
1430,0,8,0,0,0
1431,0,3,0,0,0
1432,0,3,0,0,0
1433,0,3,0,0,0
1434,0,5,0,0,0
1435,0,6,0,0,0
1436,0,4,0,0,0
1437,0,5,0,0,0
1438,0,5,0,0,0
1439,0,4,1,0,0
1440,0,5,0,0,0
1441,0,6,0,0,0
1442,0,3,0,0,0
1443,0,7,1,0,0
1444,0,5,0,0,0
1445,0,3,1,0,0
1446,0,5,0,0,0
1447,0,6,1,0,0
1448,0,5,0,0,0
1449,0,3,0,0,0
1450,0,3,0,0,0
1451,0,3,0,0,0
1452,0,5,0,0,0
1453,0,5,1,0,0
1454,0,7,1,0,0
1455,0,1,0,0,0
1456,0,4,0,0,0
1457,0,5,0,0,0
1458,0,4,1,0,0
1459,0,3,0,0,0
1460,0,2,0,0,0
1461,0,5,0,0,0
1462,0,3,0,0,0
1463,0,5,0,0,0
1464,0,5,1,0,0
1465,0,7,1,0,0
1466,0,3,0,0,0
1467,0,3,0,0,0
1468,0,2,0,0,0
1469,0,9,0,0,0
1470,0,4,1,0,0
1471,0,6,2,0,0
1472,0,6,1,0,0
1473,0,6,1,0,0
1474,0,10,0,0,0
1475,0,3,2,0,0
1476,0,2,1,0,0
1477,0,7,1,0,0
1478,0,3,2,0,0
1479,0,4,0,0,0
1480,0,3,1,0,0
1481,0,9,0,0,0
1482,0,3,0,0,0
1483,0,7,0,0,0
1484,0,4,1,0,0
1485,0,4,1,0,0
1486,0,5,0,0,0
1487,0,6,0,0,0
1488,0,3,0,0,0
1489,0,7,0,0,0
1490,0,3,1,0,0
1491,0,6,2,0,0
1492,0,5,2,0,0
1493,0,2,1,0,0
1494,0,3,0,0,0
1495,0,2,0,0,0
1496,0,8,0,0,0
1497,0,5,0,0,0
1498,0,3,0,0,0
1499,0,1,0,0,0
1500,0,6,0,0,0
1501,0,6,0,0,0
1502,0,5,1,0,0
1503,0,5,0,0,0
1504,0,5,0,0,0
1505,0,1,0,0,0
1506,0,1,0,0,0
1507,0,2,0,0,0
1508,0,2,0,0,0
1509,0,6,0,0,0
1510,0,5,1,0,0
1511,0,3,0,0,0
1512,0,6,0,0,0
1513,0,6,1,0,0
1514,0,4,0,0,0
1515,0,4,0,0,0
1516,0,7,1,0,0
1517,0,3,0,0,0
1518,0,6,1,0,0
1519,0,5,1,0,0
1520,0,5,0,0,0
1521,0,4,1,0,0
1522,0,3,0,0,0
1523,0,4,0,0,0
1524,0,6,0,0,0
1525,0,2,0,0,0
1526,0,4,0,0,0
1527,0,3,0,0,0
1528,0,7,0,0,0
1529,0,5,0,0,0
1530,0,4,0,0,0
1531,0,3,0,0,0
1532,0,4,0,0,0
1533,0,5,0,0,0
1534,0,2,0,0,0
1535,0,7,0,0,0
1536,0,3,0,0,0
1537,0,3,0,0,0
1538,0,3,0,0,0
1539,0,3,0,0,0
1540,0,8,0,0,0
1541,0,3,1,0,0
1542,0,2,0,0,0
1543,0,3,0,0,0
1544,0,6,0,0,0
1545,0,2,1,0,0
1546,0,7,0,0,0
1547,0,5,0,0,0
1548,0,4,0,0,0
1549,0,7,0,0,0
1550,0,0,1,0,0
1551,0,5,1,0,0
1552,0,5,1,0,0
1553,0,2,0,0,0
1554,0,6,0,0,0
1555,0,4,1,0,0
1556,0,3,2,0,0
1557,0,8,1,0,0
1558,0,3,2,0,0
1559,0,5,2,0,0
1560,0,4,3,0,0
1561,0,4,1,0,0
1562,0,3,3,0,0
1563,0,7,1,0,0
1564,0,4,0,0,0
1565,0,4,1,0,0
1566,0,3,3,0,0
1567,0,3,0,0,0
1568,0,4,0,0,0
1569,0,6,0,0,0
1570,0,7,0,0,0
1571,0,1,2,0,0
1572,0,3,1,0,0
1573,0,4,0,0,0
1574,0,10,0,0,0
1575,0,6,0,0,0
1576,0,4,0,0,0
1577,0,8,0,0,0
1578,0,6,1,0,0
1579,0,7,0,0,0
1580,0,4,1,0,0
1581,0,8,2,0,0
1582,0,1,0,0,0
1583,0,2,0,0,0
1584,0,7,0,0,0
1585,0,4,0,0,0
1586,0,5,0,0,0
1587,0,6,0,0,0
1588,0,5,0,0,0
1589,0,3,0,0,0
1590,0,7,0,0,0
1591,0,2,0,0,0
1592,0,5,0,0,0
1593,0,4,0,0,0
1594,0,1,0,0,0
1595,0,9,0,0,0
1596,0,3,0,0,0
1597,0,4,0,0,0
1598,0,4,0,0,0
1599,0,4,0,0,0
1600,0,8,1,0,0
1601,0,4,0,0,0
1602,0,4,0,0,0
1603,0,1,0,0,0
1604,0,9,0,0,0
1605,0,3,1,0,0
1606,0,2,1,0,0
1607,0,3,0,0,0
1608,0,5,0,0,0
1609,0,3,1,0,0
1610,0,4,0,0,0
1611,0,3,0,0,0
1612,0,5,1,0,0
1613,1,7,2,1,1
1614,1,8,0,1,1
1615,1,3,2,1,1
1616,1,7,0,1,1
1617,1,6,0,1,1
1618,1,4,1,1,1
1619,1,6,1,1,1
1620,1,4,1,1,1
1621,1,6,0,1,1
1622,1,9,0,1,1
1623,1,2,2,1,1
1624,2,7,1,2,2
1625,2,6,1,2,2
1626,2,8,1,2,2
1627,2,2,1,2,2
1628,3,2,0,3,3
1629,3,6,0,3,3
1630,3,7,1,3,3
1631,3,7,0,3,3
1632,3,8,0,3,3
1633,3,7,0,3,3
1634,3,5,0,3,3
1635,3,3,0,3,3
1636,3,4,0,3,3
1637,3,6,1,3,3
1638,3,2,1,3,3
1639,3,2,0,3,3
1640,3,4,0,3,3
1641,3,2,1,3,3
1642,3,5,0,3,3
1643,3,3,0,3,3
1644,3,2,0,3,3
1645,3,6,0,3,3
1646,3,3,0,3,3
1647,3,8,0,3,3
1648,3,7,0,3,3
1649,2,7,0,3,2
1650,2,6,0,3,2
1651,2,10,0,3,2
1652,2,4,0,3,2
1653,2,5,1,3,2
1654,2,6,0,3,2
1655,2,7,1,3,2
1656,2,3,0,3,2
1657,2,5,2,3,2
1658,2,4,0,3,2
1659,2,4,0,3,2
1660,2,4,0,3,2
1661,2,8,0,3,2
1662,2,3,0,3,2
1663,2,6,1,3,2
1664,2,6,0,3,2
1665,2,5,0,3,2
1666,2,3,1,3,2
1667,2,4,0,3,2
1668,2,7,0,3,2
1669,2,8,0,3,2
1670,2,5,0,3,2
1671,2,9,0,3,2
1672,2,10,2,3,2
1673,1,3,0,3,1
1674,1,2,0,3,1
1675,0,8,0,3,0
1676,0,1,0,3,0
1677,0,8,0,3,0
1678,0,5,0,3,0
1679,0,12,0,3,0
1680,0,6,0,3,0
1681,0,10,0,3,0
1682,0,4,1,3,0
1683,0,2,0,3,0
1684,0,1,1,3,0
1685,0,7,2,3,0
1686,0,4,0,3,0
1687,0,3,0,3,0
1688,0,5,1,3,0
1689,0,2,0,3,0
1690,0,5,0,3,0
1691,0,8,0,3,0
1692,0,5,0,3,0
1693,0,3,0,3,0
1694,0,7,0,3,0
1695,0,6,0,3,0
1696,0,3,0,3,0
1697,0,6,0,3,0
1698,0,4,0,3,0
1699,0,6,0,3,0
1700,0,6,0,3,0
1701,0,8,0,3,0
1702,0,7,1,3,0
1703,0,5,0,3,0
1704,0,7,1,3,0
1705,0,6,1,3,0
1706,0,6,0,3,0
1707,0,6,1,3,0
1708,0,3,0,3,0
1709,0,2,0,3,0
1710,0,0,0,3,0
1711,0,4,1,3,0
1712,0,4,0,3,0
1713,0,7,0,3,0
1714,0,8,2,3,0
1715,0,5,1,3,0
1716,0,3,1,3,0
1717,0,5,1,3,0
1718,0,13,0,3,0
1719,0,5,1,3,0
1720,0,7,0,3,0
1721,0,3,1,3,0
1722,0,4,1,3,0
1723,0,9,0,3,0
1724,0,5,1,3,0
1725,0,7,1,3,0
1726,0,7,0,3,0
1727,0,8,0,3,0
1728,0,5,0,3,0
1729,0,5,0,3,0
1730,0,5,1,3,0
1731,0,2,0,3,0
1732,0,5,0,3,0
1733,0,4,0,3,0
1734,0,2,0,3,0
1735,0,7,0,3,0
1736,0,6,0,3,0
1737,0,5,0,3,0
1738,0,1,0,3,0
1739,0,10,0,3,0
1740,0,7,0,3,0
1741,0,5,0,3,0
1742,0,9,0,3,0
1743,0,4,1,3,0
1744,0,6,0,3,0
1745,0,6,1,3,0
1746,0,8,1,3,0
1747,0,7,0,3,0
1748,0,3,0,3,0
1749,0,5,0,3,0
1750,0,4,0,3,0
1751,0,5,0,3,0
1752,0,8,1,3,0
1753,0,7,1,3,0
1754,0,7,1,3,0
1755,0,10,0,3,0
1756,0,5,1,3,0
1757,0,4,0,3,0
1758,0,7,0,3,0
1759,0,6,0,3,0
1760,0,5,2,3,0
1761,0,4,2,3,0
1762,0,4,1,3,0
1763,0,6,0,3,0
1764,0,7,0,3,0
1765,0,4,0,3,0
1766,0,8,0,3,0
1767,0,12,2,3,0
1768,0,7,0,3,0
1769,0,6,0,3,0
1770,0,5,0,3,0
1771,0,6,0,3,0
1772,0,5,0,3,0
1773,0,4,1,3,0
1774,0,5,1,3,0
1775,0,6,1,3,0
1776,0,6,0,3,0
1777,0,1,0,3,0
1778,0,6,1,3,0
1779,0,8,0,3,0
1780,0,5,1,3,0
1781,0,2,0,3,0
1782,0,5,0,3,0
1783,0,9,0,3,0
1784,0,8,0,3,0
1785,0,6,0,3,0
1786,0,5,1,3,0
1787,0,7,1,3,0
1788,0,8,0,3,0
1789,0,4,0,3,0
1790,0,6,0,3,0
1791,0,6,0,3,0
1792,0,8,0,3,0
1793,0,3,0,3,0
1794,0,5,0,3,0
1795,0,7,2,3,0
1796,0,5,2,3,0
1797,0,5,0,3,0
1798,0,6,0,3,0
1799,0,9,2,3,0
1800,0,5,0,3,0
1801,0,3,0,3,0
1802,0,7,2,3,0
1803,0,7,0,3,0
1804,0,3,0,3,0
1805,0,5,0,3,0
1806,0,1,0,3,0
1807,0,6,0,3,0
1808,0,5,0,3,0
1809,0,7,0,3,0
1810,0,6,0,3,0
1811,0,3,0,3,0
1812,0,6,2,3,0
1813,0,4,3,3,0
1814,0,7,0,3,0
1815,0,4,1,3,0
1816,0,4,0,3,0
1817,0,4,0,3,0
1818,0,6,0,3,0
1819,0,7,1,3,0
1820,0,3,0,3,0
1821,0,6,1,3,0
1822,0,7,0,3,0
1823,0,3,1,3,0
1824,0,9,0,3,0
1825,0,3,1,3,0
1826,0,8,0,3,0
1827,0,3,0,3,0
1828,0,7,0,3,0
1829,0,4,0,3,0
1830,0,6,0,3,0
1831,0,6,0,3,0
1832,0,6,0,3,0
1833,0,8,0,3,0
1834,0,3,0,3,0
1835,0,3,0,3,0
1836,0,3,0,3,0
1837,0,4,2,3,0
1838,0,4,0,3,0
1839,0,4,0,3,0
1840,0,6,1,3,0
1841,0,5,0,3,0
1842,0,3,0,3,0
1843,0,5,0,3,0
1844,0,7,0,3,0
1845,0,2,0,3,0
1846,0,12,1,3,0
1847,0,9,0,3,0
1848,0,2,0,3,0
1849,0,8,0,3,0
1850,0,6,0,3,0
1851,0,5,1,3,0
1852,0,6,1,3,0
1853,0,7,0,3,0
1854,0,5,0,3,0
1855,0,7,0,3,0
1856,0,2,0,3,0
1857,0,6,1,3,0
1858,0,3,2,3,0
1859,0,7,2,3,0
1860,0,4,0,3,0
1861,0,6,0,3,0
1862,0,6,1,3,0
1863,0,11,2,3,0
1864,0,6,0,3,0
1865,0,6,0,3,0
1866,0,5,0,3,0
1867,0,1,0,3,0
1868,0,6,0,3,0
1869,0,6,0,3,0
1870,0,5,0,3,0
1871,0,2,1,3,0
1872,0,6,1,3,0
1873,0,4,0,3,0
1874,0,5,0,3,0
1875,0,4,0,3,0
1876,0,10,0,3,0
1877,0,6,0,3,0
1878,0,5,0,3,0
1879,0,9,0,3,0
1880,0,5,2,3,0
1881,0,6,0,3,0
1882,0,4,0,3,0
1883,0,6,0,3,0
1884,0,3,0,3,0
1885,0,3,0,3,0
1886,0,4,0,3,0
1887,0,8,1,3,0
1888,0,4,0,3,0
1889,0,4,0,3,0
1890,0,4,0,3,0
1891,0,4,1,3,0
1892,0,8,0,3,0
1893,0,7,1,3,0
1894,0,5,0,3,0
1895,0,5,0,3,0
1896,0,3,0,3,0
1897,0,7,0,3,0
1898,0,1,0,3,0
1899,0,9,0,3,0
1900,0,7,0,3,0
1901,0,4,0,3,0
1902,0,10,1,3,0
1903,0,7,0,3,0
1904,0,7,0,3,0
1905,0,5,1,3,0
1906,0,3,0,3,0
1907,0,6,0,3,0
1908,0,3,0,3,0
1909,0,8,0,3,0
1910,0,4,0,3,0
1911,0,6,0,3,0
1912,0,7,0,3,0
1913,0,9,0,3,0
1914,0,10,0,3,0
1915,0,4,0,3,0
1916,0,2,0,3,0
1917,0,3,0,3,0
1918,0,5,1,3,0
1919,0,6,0,3,0
1920,0,7,0,3,0
1921,0,2,0,3,0
1922,0,6,0,3,0
1923,0,6,0,3,0
1924,0,1,0,3,0
1925,0,6,1,3,0
1926,0,9,0,3,0
1927,0,10,0,3,0
1928,0,7,0,3,0
1929,0,7,0,3,0
1930,0,9,0,3,0
1931,0,7,0,3,0
1932,0,7,0,3,0
1933,0,4,0,3,0
1934,0,7,0,3,0
1935,0,4,1,3,0
1936,0,7,0,3,0
1937,0,5,0,3,0
1938,0,4,0,3,0
1939,0,6,0,3,0
1940,0,7,0,3,0
1941,0,3,0,3,0
1942,0,7,1,3,0
1943,0,8,0,3,0
1944,0,1,0,3,0
1945,0,6,0,3,0
1946,0,10,0,3,0
1947,0,3,0,3,0
1948,0,5,1,3,0
1949,0,4,0,3,0
1950,0,8,2,2,0
1951,0,6,1,2,0
1952,0,10,1,2,0
1953,0,1,1,2,0
1954,0,2,0,2,0
1955,0,3,0,2,0
1956,0,5,0,2,0
1957,0,8,0,2,0
1958,0,4,0,2,0
1959,0,3,0,2,0
1960,0,8,1,2,0
1961,0,4,0,2,0
1962,0,1,0,2,0
1963,0,2,0,2,0
1964,0,6,0,2,0
1965,0,2,0,2,0
1966,0,7,0,2,0
1967,0,9,1,2,0
1968,0,1,0,2,0
1969,0,5,0,2,0
1970,1,9,1,3,1
1971,1,5,2,3,1
1972,1,6,0,3,1
1973,1,6,0,3,1
1974,1,3,0,2,1
1975,1,9,0,2,1
1976,1,2,0,1,1
1977,1,8,0,1,1
1978,1,6,0,1,1
1979,1,4,0,1,1
1980,1,4,0,1,1
1981,1,8,2,1,1
1982,1,5,1,1,1
1983,1,6,1,1,1
1984,1,7,0,1,1
1985,1,4,1,1,1
1986,1,7,2,1,1
1987,1,6,0,1,1
1988,1,3,0,1,1
1989,1,7,1,1,1
1990,1,7,0,1,1
1991,1,7,0,1,1
1992,1,4,0,1,1
1993,1,8,0,1,1
1994,1,5,0,1,1
1995,1,5,1,1,1
1996,1,3,0,1,1
1997,1,7,0,1,1
1998,1,9,1,1,1
1999,1,4,0,1,1
2000,1,10,0,1,1
2001,1,4,1,1,1
2002,1,1,1,1,1
2003,1,7,0,1,1
2004,1,10,0,1,1
2005,1,8,0,1,1
2006,1,6,0,1,1
2007,1,7,0,1,1
2008,1,8,0,1,1
2009,1,8,0,1,1
2010,1,8,0,1,1
2011,1,4,0,1,1
2012,1,6,1,1,1
2013,1,4,0,1,1
2014,1,11,0,1,1
2015,1,6,0,1,1
2016,1,5,0,1,1
2017,1,6,1,1,1
2018,1,5,0,1,1
2019,1,7,0,1,1
2020,1,4,1,1,1
2021,1,4,1,1,1
2022,1,7,0,1,1
2023,1,7,1,1,1
2024,1,9,1,1,1
2025,1,10,0,1,1
2026,1,4,0,1,1
2027,1,2,0,1,1
2028,1,4,0,1,1
2029,1,5,0,1,1
2030,1,6,0,1,1
2031,1,7,1,1,1
2032,1,6,1,1,1
2033,1,6,1,1,1
2034,1,9,2,1,1
2035,1,9,0,1,1
2036,1,5,0,1,1
2037,1,7,0,1,1
2038,1,5,0,1,1
2039,1,10,0,1,1
2040,1,1,0,1,1
2041,1,7,1,1,1
2042,1,8,1,1,1
2043,1,3,0,1,1
2044,1,5,0,1,1
2045,1,8,0,1,1
2046,1,6,0,1,1
2047,1,4,0,1,1
2048,1,6,0,1,1
2049,1,6,0,1,1
2050,1,1,1,1,1
2051,1,7,0,1,1
2052,1,9,0,1,1
2053,1,6,0,1,1
2054,1,9,0,1,1
2055,1,3,0,1,1
2056,1,9,1,1,1
2057,1,6,1,1,1
2058,1,8,0,1,1
2059,1,7,0,1,1
2060,1,9,0,1,1
2061,1,3,1,1,1
2062,0,13,0,1,0
2063,0,10,2,1,0
2064,0,8,1,1,0
2065,0,7,1,1,0
2066,0,6,1,1,0
2067,0,8,0,1,0
2068,0,5,0,1,0
2069,0,6,0,1,0
2070,0,10,0,1,0
2071,0,7,1,1,0
2072,0,3,1,1,0
2073,0,6,0,1,0
2074,0,5,2,1,0
2075,0,8,0,1,0
2076,0,10,0,1,0
2077,0,6,0,1,0
2078,0,9,1,1,0
2079,0,5,1,1,0
2080,0,13,0,1,0
2081,0,13,0,1,0
2082,0,6,1,1,0
2083,0,3,1,1,0
2084,0,4,0,1,0
2085,0,4,0,1,0
2086,0,7,1,1,0
2087,0,5,0,1,0
2088,0,4,1,1,0
2089,0,6,1,1,0
2090,0,5,0,1,0
2091,0,8,0,1,0
2092,0,2,0,1,0
2093,0,8,0,1,0
2094,0,10,0,1,0
2095,0,3,0,1,0
2096,0,6,0,1,0
2097,1,8,1,2,1
2098,1,10,1,2,1
2099,1,6,0,2,1
2100,1,11,0,2,1
2101,1,4,0,2,1
2102,1,5,0,2,1
2103,1,7,0,2,1
2104,1,10,0,2,1
2105,1,5,1,2,1
2106,1,5,0,2,1
2107,1,4,1,2,1
2108,1,6,1,2,1
2109,1,6,0,2,1
2110,1,7,0,2,1
2111,1,3,1,2,1
2112,1,4,0,2,1
2113,1,4,0,2,1
2114,1,4,0,2,1
2115,1,6,0,2,1
2116,1,2,0,2,1
2117,1,5,0,2,1
2118,1,6,0,2,1
2119,1,7,0,2,1
2120,1,9,1,2,1
2121,1,4,0,2,1
2122,1,6,0,2,1
2123,1,5,0,2,1
2124,1,8,0,2,1
2125,1,7,0,2,1
2126,1,7,1,2,1
2127,1,13,0,2,1
2128,1,7,1,2,1
2129,1,8,0,2,1
2130,1,3,0,2,1
2131,1,6,0,2,1
2132,1,0,0,2,1
2133,1,7,0,2,1
2134,1,3,1,2,1
2135,1,6,1,2,1
2136,1,6,0,2,1
2137,1,4,0,2,1
2138,1,8,0,2,1
2139,1,5,0,2,1
2140,1,9,0,2,1
2141,1,6,0,2,1
2142,1,6,2,2,1
2143,1,7,0,2,1
2144,1,3,0,2,1
2145,1,10,0,2,1
2146,1,10,0,2,1
2147,1,9,0,2,1
2148,1,5,0,2,1
2149,1,7,0,2,1
2150,1,5,0,2,1
2151,1,6,1,2,1
2152,1,5,0,2,1
2153,1,7,1,2,1
2154,1,9,1,2,1
2155,1,12,0,2,1
2156,1,7,0,3,1
2157,1,4,0,3,1
2158,1,3,0,3,1
2159,1,4,0,3,1
2160,1,8,1,3,1
2161,1,11,1,3,1
2162,1,5,0,3,1
2163,1,5,0,3,1
2164,1,8,0,3,1
2165,1,4,0,3,1
2166,1,3,1,3,1
2167,1,8,0,3,1
2168,1,10,0,3,1
2169,1,7,1,3,1
2170,1,6,0,3,1
2171,1,7,0,3,1
2172,1,8,0,3,1
2173,1,6,0,3,1
2174,1,3,0,3,1
2175,1,4,0,3,1
2176,1,5,0,3,1
2177,1,5,0,3,1
2178,1,4,0,3,1
2179,1,2,0,3,1
2180,1,3,0,3,1
2181,1,3,0,3,1
2182,2,9,1,4,2
2183,2,6,0,4,2
2184,2,5,0,4,2
2185,2,10,0,4,2
2186,2,7,0,4,2
2187,2,12,0,4,2
2188,2,5,0,4,2
2189,2,4,0,4,2
2190,2,9,0,4,2
2191,2,5,0,4,2
2192,2,6,0,4,2
2193,2,4,0,4,2
2194,2,6,0,4,2
2195,2,4,1,4,2
2196,2,3,0,4,2
2197,2,8,0,4,2
2198,2,5,0,4,2
2199,2,6,0,4,2
2200,2,8,0,4,2
2201,2,5,0,4,2
2202,2,6,0,4,2
2203,2,5,0,4,2
2204,2,6,1,4,2
2205,2,6,0,4,2
2206,2,4,0,4,2
2207,2,7,0,4,2
2208,2,9,0,4,2
2209,2,8,0,4,2
2210,2,3,0,4,2
2211,2,3,0,4,2
2212,2,10,0,4,2
2213,2,10,0,4,2
2214,2,6,0,4,2
2215,2,3,0,4,2
2216,2,7,1,4,2
2217,3,8,1,5,3
2218,3,5,0,5,3
2219,3,3,0,5,3
2220,3,5,1,5,3
2221,3,4,1,5,3
2222,3,8,0,5,3
2223,3,6,0,5,3
2224,3,4,1,5,3
2225,3,5,0,5,3
2226,3,6,1,5,3
2227,3,4,1,5,3
2228,3,9,1,5,3
2229,3,6,0,5,3
2230,3,6,0,5,3
2231,3,9,1,5,3
2232,3,7,0,5,3
2233,3,3,0,5,3
2234,3,5,0,5,3
2235,3,7,0,5,3
2236,3,4,2,5,3
2237,3,5,3,5,3
2238,3,7,0,5,3
2239,3,4,1,5,3
2240,3,4,0,5,3
2241,3,8,0,5,3
2242,3,10,0,5,3
2243,3,7,0,5,3
2244,3,12,0,5,3
2245,3,8,0,5,3
2246,3,7,0,5,3
2247,3,9,0,5,3
2248,3,6,0,5,3
2249,3,8,0,5,3
2250,2,5,0,5,2
2251,2,6,0,5,2
2252,2,3,2,5,2
2253,2,4,0,5,2
2254,2,5,0,5,2
2255,2,6,0,5,2
2256,2,5,0,5,2
2257,2,9,0,5,2
2258,2,10,0,5,2
2259,2,7,0,5,2
2260,2,3,0,5,2
2261,2,5,0,5,2
2262,2,5,0,5,2
2263,2,3,0,5,2
2264,2,7,0,5,2
2265,2,10,0,5,2
2266,2,5,0,5,2
2267,2,6,0,5,2
2268,2,5,0,5,2
2269,2,10,0,5,2
2270,2,8,0,5,2
2271,2,6,0,5,2
2272,2,6,0,5,2
2273,2,3,0,5,2
2274,2,3,1,5,2
2275,2,9,0,5,2
2276,2,4,0,5,2
2277,2,11,0,5,2
2278,2,8,0,5,2
2279,2,6,0,5,2
2280,2,10,0,5,2
2281,2,3,0,5,2
2282,2,6,1,5,2
2283,2,8,0,5,2
2284,2,9,0,5,2
2285,2,7,0,5,2
2286,2,10,1,5,2
2287,2,6,0,5,2
2288,3,8,1,6,3
2289,3,7,0,6,3
2290,3,6,2,6,3
2291,3,7,1,6,3
2292,3,2,0,6,3
2293,3,2,0,6,3
2294,3,6,0,6,3
2295,3,5,0,6,3
2296,3,7,1,6,3
2297,3,2,0,6,3
2298,3,6,0,6,3
2299,3,5,0,6,3
2300,3,5,0,6,3
2301,3,5,0,6,3
2302,3,9,0,6,3
2303,3,5,1,6,3
2304,3,10,0,6,3
2305,3,6,0,6,3
2306,2,6,1,6,2
2307,2,9,0,6,2
2308,1,7,0,6,1
2309,1,6,1,6,1
2310,0,4,0,6,0
2311,0,5,0,6,0
2312,0,5,0,6,0
2313,0,7,0,6,0
2314,0,9,0,6,0
2315,0,13,1,6,0
2316,0,8,0,6,0
2317,0,8,1,6,0
2318,0,7,2,6,0
2319,0,6,1,6,0
2320,0,11,1,6,0
2321,0,5,0,6,0
2322,0,8,0,6,0
2323,0,9,0,6,0
2324,0,4,0,6,0
2325,0,8,0,6,0
2326,0,3,0,6,0
2327,0,6,0,6,0
2328,0,4,0,6,0
2329,0,7,0,6,0
2330,0,10,0,6,0
2331,0,5,0,6,0
2332,0,9,0,6,0
2333,0,13,0,6,0
2334,0,4,0,6,0
2335,0,9,0,6,0
2336,0,4,1,6,0
2337,0,6,0,6,0
2338,0,8,1,6,0
2339,0,5,0,6,0
2340,0,13,0,6,0
2341,0,6,1,6,0
2342,0,8,0,6,0
2343,0,7,1,6,0
2344,0,8,0,6,0
2345,0,5,1,6,0
2346,0,12,0,6,0
2347,0,10,0,6,0
2348,0,6,0,6,0
2349,0,5,0,6,0
2350,0,6,1,6,0
2351,0,7,0,6,0
2352,0,5,0,6,0
2353,0,4,0,6,0
2354,0,3,0,6,0
2355,0,7,0,6,0
2356,0,8,0,6,0
2357,0,5,0,6,0
2358,0,9,0,6,0
2359,0,4,0,6,0
2360,0,5,0,6,0
2361,0,6,0,6,0
2362,0,8,1,6,0
2363,0,5,0,5,0
2364,0,7,0,5,0
2365,0,7,0,5,0
2366,0,6,0,5,0
2367,0,5,1,5,0
2368,0,10,1,5,0
2369,0,6,1,5,0
2370,0,5,0,5,0
2371,0,6,0,5,0
2372,0,4,0,5,0
2373,0,5,0,5,0
2374,0,9,0,5,0
2375,0,7,0,5,0
2376,0,7,0,5,0
2377,0,10,0,5,0
2378,0,7,0,5,0
2379,0,3,0,5,0
2380,0,5,1,5,0
2381,0,7,0,5,0
2382,0,6,0,5,0
2383,0,3,0,5,0
2384,0,13,0,5,0
2385,0,5,0,5,0
2386,0,6,0,5,0
2387,0,7,0,5,0
2388,0,7,0,5,0
2389,0,11,0,5,0
2390,0,5,0,5,0
2391,0,6,0,5,0
2392,0,9,0,5,0
2393,0,9,0,5,0
2394,0,7,1,5,0
2395,0,6,0,5,0
2396,0,5,0,5,0
2397,0,6,0,5,0
2398,0,5,1,5,0
2399,0,6,0,5,0
2400,1,11,1,6,1
2401,1,8,1,6,1
2402,1,6,0,6,1
2403,1,11,0,6,1
2404,1,8,0,6,1
2405,1,8,0,6,1
2406,1,6,0,6,1
2407,1,5,1,6,1
2408,1,5,0,6,1
2409,1,5,0,6,1
2410,1,3,0,6,1
2411,1,9,1,6,1
2412,1,9,0,6,1
2413,1,6,0,6,1
2414,1,11,0,6,1
2415,1,7,0,6,1
2416,1,10,0,6,1
2417,1,5,0,6,1
2418,1,7,0,6,1
2419,1,7,0,6,1
2420,1,10,0,6,1
2421,1,6,0,6,1
2422,1,7,0,6,1
2423,1,6,0,6,1
2424,1,5,0,6,1
2425,1,8,0,6,1
2426,1,5,0,6,1
2427,1,5,0,6,1
2428,1,3,0,6,1
2429,1,6,0,6,1
2430,1,7,0,6,1
2431,1,7,0,6,1
2432,1,8,0,6,1
2433,1,4,0,6,1
2434,1,4,0,6,1
2435,1,6,0,6,1
2436,1,4,0,6,1
2437,1,7,0,6,1
2438,1,4,0,6,1
2439,1,9,1,6,1
2440,1,8,0,6,1
2441,1,6,0,6,1
2442,1,11,0,6,1
2443,1,7,0,6,1
2444,1,6,0,6,1
2445,2,9,2,7,2
2446,2,3,0,7,2
2447,2,5,0,7,2
2448,2,6,0,7,2
2449,2,11,0,7,2
2450,2,4,0,7,2
2451,2,6,0,7,2
2452,2,8,0,7,2
2453,2,9,0,7,2
2454,2,10,0,7,2
2455,2,8,0,7,2
2456,2,4,0,7,2
2457,2,10,0,6,2
2458,2,6,0,6,2
2459,2,3,1,6,2
2460,1,8,1,6,1
2461,1,12,0,6,1
2462,1,11,0,6,1
2463,1,6,0,6,1
2464,1,8,1,6,1
2465,0,12,1,6,0
2466,0,8,1,6,0
2467,0,3,1,6,0
2468,0,6,1,6,0
2469,0,7,0,6,0
2470,0,5,1,6,0
2471,0,8,0,6,0
2472,0,5,0,6,0
2473,0,12,0,6,0
2474,0,10,0,6,0
2475,0,11,0,6,0
2476,0,10,0,6,0
2477,0,10,0,6,0
2478,0,7,0,6,0
2479,0,5,0,6,0
2480,0,7,0,6,0
2481,0,2,0,6,0
2482,0,8,0,6,0
2483,0,4,0,6,0
2484,0,3,0,6,0
2485,0,7,1,6,0
2486,0,10,0,6,0
2487,0,7,0,6,0
2488,0,6,0,6,0
2489,0,9,0,6,0
2490,1,10,1,7,1
2491,1,10,1,7,1
2492,1,9,2,7,1
2493,1,8,0,7,1
2494,1,4,0,7,1
2495,1,3,0,7,1
2496,1,10,0,7,1
2497,1,4,0,7,1
2498,1,5,0,7,1
2499,1,7,1,7,1
2500,1,7,0,7,1
2501,1,8,0,7,1
2502,1,5,0,7,1
2503,2,8,2,8,2
2504,1,6,1,8,1
2505,1,11,1,8,1
2506,1,5,0,8,1
2507,1,3,1,8,1
2508,1,9,0,8,1
2509,1,5,0,8,1
2510,1,5,0,8,1
2511,1,11,0,8,1
2512,1,8,0,8,1
2513,1,9,0,8,1
2514,1,8,0,8,1
2515,1,6,0,8,1
2516,1,14,2,8,1
2517,1,8,0,8,1
2518,1,8,0,8,1
2519,1,11,0,8,1
2520,1,4,1,8,1
2521,1,5,1,8,1
2522,1,11,0,8,1
2523,1,12,0,8,1
2524,1,4,0,8,1
2525,1,4,0,8,1
2526,1,9,0,8,1
2527,1,10,0,8,1
2528,1,7,1,8,1
2529,1,13,1,8,1
2530,1,6,0,8,1
2531,1,9,0,8,1
2532,1,7,1,8,1
2533,1,7,0,8,1
2534,1,11,0,8,1
2535,1,4,0,8,1
2536,1,7,0,8,1
2537,1,5,0,8,1
2538,1,5,0,8,1
2539,1,9,0,8,1
2540,2,5,0,9,2
2541,2,8,0,9,2
2542,2,7,1,9,2
2543,2,5,0,9,2
2544,2,12,0,9,2
2545,2,6,0,9,2
2546,2,4,0,9,2
2547,2,5,0,9,2
2548,2,5,0,9,2
2549,2,6,0,9,2
2550,2,8,0,9,2
2551,1,5,0,8,1
2552,1,4,0,8,1
2553,1,6,0,8,1
2554,1,6,0,8,1
2555,1,9,1,8,1
2556,1,1,0,8,1
2557,1,8,0,8,1
2558,1,10,0,8,1
2559,1,13,0,8,1
2560,1,4,1,8,1
2561,1,5,0,8,1
2562,1,4,0,8,1
2563,1,8,1,8,1
2564,1,8,0,8,1
2565,1,10,0,8,1
2566,1,5,0,8,1
2567,1,6,0,8,1
2568,1,7,0,8,1
2569,1,5,1,8,1
2570,1,12,0,8,1
2571,1,3,1,8,1
2572,1,4,1,8,1
2573,1,11,0,8,1
2574,1,7,0,8,1
2575,1,8,1,8,1
2576,1,9,0,8,1
2577,1,8,0,8,1
2578,1,9,1,8,1
2579,1,8,2,8,1
2580,1,4,0,8,1
2581,2,5,1,9,2
2582,2,8,2,9,2
2583,2,2,1,9,2
2584,2,9,0,9,2
2585,2,5,2,9,2
2586,2,9,1,9,2
2587,1,11,1,9,1
2588,1,7,0,9,1
2589,1,9,1,9,1
2590,1,6,0,9,1
2591,1,9,0,9,1
2592,1,9,1,9,1
2593,1,5,0,9,1
2594,1,5,1,9,1
2595,1,9,0,9,1
2596,1,8,0,9,1
2597,1,6,0,9,1
2598,1,7,1,9,1
2599,1,2,0,9,1
2600,1,11,0,9,1
2601,1,9,0,9,1
2602,1,12,0,9,1
2603,1,5,0,9,1
2604,1,4,0,9,1
2605,1,9,0,9,1
2606,1,9,0,9,1
2607,1,5,1,8,1
2608,1,9,0,8,1
2609,1,10,0,7,1
2610,1,5,0,7,1
2611,1,11,0,6,1
2612,2,6,2,7,2
2613,2,6,1,7,2
2614,2,4,0,7,2
2615,2,5,0,7,2
2616,2,8,0,7,2
2617,2,5,1,7,2
2618,2,10,0,7,2
2619,2,11,0,7,2
2620,1,10,0,7,1
2621,1,13,0,7,1
2622,1,6,0,7,1
2623,1,5,0,7,1
2624,1,9,0,7,1
2625,1,8,0,7,1
2626,1,4,0,7,1
2627,1,10,1,7,1
2628,1,8,1,7,1
2629,1,7,0,7,1
2630,1,8,0,7,1
2631,1,8,0,7,1
2632,1,9,0,7,1
2633,1,5,0,7,1
2634,1,7,0,7,1
2635,1,8,0,7,1
2636,1,12,0,7,1
2637,1,13,0,7,1
2638,1,8,0,7,1
2639,1,7,1,7,1
2640,1,9,1,7,1
2641,1,4,0,7,1
2642,1,6,0,7,1
2643,1,10,0,7,1
2644,1,6,0,7,1
2645,1,2,1,7,1
2646,1,3,0,7,1
2647,0,9,0,7,0
2648,0,6,0,7,0
2649,0,6,0,7,0
2650,1,3,1,8,1
2651,1,8,0,8,1
2652,1,7,0,8,1
2653,1,2,0,8,1
2654,1,9,0,8,1
2655,1,4,0,8,1
2656,1,5,0,8,1
2657,1,12,0,8,1
2658,1,13,0,8,1
2659,1,7,0,8,1
2660,1,10,1,8,1
2661,1,9,1,8,1
2662,1,10,0,8,1
2663,1,6,0,8,1
2664,1,1,0,8,1
2665,1,4,0,8,1
2666,1,10,0,8,1
2667,1,5,0,8,1
2668,1,6,0,8,1
2669,1,10,2,8,1
2670,1,3,1,8,1
2671,1,12,1,8,1
2672,1,9,2,8,1
2673,1,8,1,8,1
2674,1,7,1,8,1
2675,1,13,0,8,1
2676,1,5,1,8,1
2677,1,12,1,8,1
2678,1,9,2,8,1
2679,1,6,0,8,1
2680,1,10,0,8,1
2681,1,7,2,8,1
2682,1,9,1,8,1
2683,1,8,0,8,1
2684,1,11,0,8,1
2685,1,11,0,8,1
2686,1,8,0,8,1
2687,1,6,0,8,1
2688,1,8,0,8,1
2689,1,7,0,8,1
2690,1,8,0,8,1
2691,1,6,0,8,1
2692,1,9,0,8,1
2693,1,3,0,8,1
2694,1,9,1,8,1
2695,1,11,0,8,1
2696,1,8,1,8,1
2697,1,4,0,8,1
2698,1,11,0,8,1
2699,1,11,0,8,1
2700,1,6,1,8,1
2701,1,11,0,8,1
2702,1,10,2,8,1
2703,1,7,0,8,1
2704,1,7,0,8,1
2705,1,13,0,8,1
2706,1,12,0,8,1
2707,1,7,1,8,1
2708,1,11,1,8,1
2709,1,12,1,8,1
2710,1,4,0,8,1
2711,1,11,0,8,1
2712,1,9,0,8,1
2713,1,7,0,8,1
2714,1,6,0,8,1
2715,1,10,0,8,1
2716,1,8,0,8,1
2717,1,10,0,8,1
2718,1,7,0,8,1
2719,1,8,0,8,1
2720,1,8,0,8,1
2721,1,10,0,8,1
2722,1,3,1,8,1
2723,1,9,0,8,1
2724,1,5,1,8,1
2725,1,10,0,8,1
2726,1,5,0,8,1
2727,1,5,0,8,1
2728,1,6,0,8,1
2729,1,10,0,8,1
2730,1,4,0,8,1
2731,1,4,0,8,1
2732,1,6,0,8,1
2733,1,11,0,8,1
2734,1,5,0,8,1
2735,1,6,0,8,1
2736,1,6,0,8,1
2737,1,8,0,8,1
2738,1,9,0,8,1
2739,1,5,0,8,1
2740,1,6,0,8,1
2741,1,4,1,8,1
2742,1,3,0,8,1
2743,1,8,0,8,1
2744,1,6,0,8,1
2745,1,9,0,8,1
2746,1,5,0,8,1
2747,1,6,0,8,1
2748,1,13,0,8,1
2749,1,9,0,8,1
2750,1,8,0,8,1
2751,1,6,0,8,1
2752,1,10,0,8,1
2753,1,9,0,8,1
2754,1,8,0,8,1
2755,1,4,1,8,1
2756,1,8,0,8,1
2757,1,3,1,8,1
2758,1,9,1,8,1
2759,1,5,1,8,1
2760,1,4,0,8,1
2761,1,7,0,7,1
2762,1,4,0,7,1
2763,1,10,0,7,1
2764,1,8,0,7,1
2765,1,12,0,7,1
2766,1,8,0,6,1
2767,1,9,0,6,1
2768,1,7,0,6,1
2769,1,8,0,6,1
2770,1,9,0,6,1
2771,1,6,0,6,1
2772,1,5,0,6,1
2773,1,10,0,6,1
2774,1,5,0,6,1
2775,1,3,0,6,1
2776,1,10,0,6,1
2777,1,10,0,6,1
2778,1,8,1,6,1
2779,1,10,0,6,1
2780,1,7,0,6,1
2781,1,6,0,6,1
2782,1,11,0,6,1
2783,1,8,0,6,1
2784,1,8,0,6,1
2785,1,7,0,6,1
2786,1,8,1,6,1
2787,1,6,1,6,1
2788,1,5,2,6,1
2789,1,8,0,6,1
2790,2,11,1,7,2
2791,2,4,1,7,2
2792,2,9,0,7,2
2793,2,7,0,7,2
2794,2,6,0,7,2
2795,2,10,0,7,2
2796,2,7,1,7,2
2797,3,6,1,8,3
2798,3,6,0,8,3
2799,3,13,0,8,3
2800,3,12,0,8,3
2801,3,11,0,8,3
2802,3,10,1,8,3
2803,3,10,0,8,3
2804,3,13,0,8,3
2805,3,9,0,7,3
2806,3,10,0,7,3
2807,3,12,0,7,3
2808,3,7,1,7,3
2809,3,11,1,7,3
2810,3,7,0,7,3
2811,3,10,2,7,3
2812,3,6,1,7,3
2813,3,8,0,7,3
2814,3,10,0,7,3
2815,3,6,0,7,3
2816,3,8,1,7,3
2817,2,17,1,7,2
2818,2,11,0,7,2
2819,2,7,2,7,2
2820,2,5,0,7,2
2821,2,4,1,7,2
2822,2,6,0,7,2
2823,2,5,0,7,2
2824,2,6,0,7,2
2825,2,8,0,7,2
2826,2,4,0,7,2
2827,2,6,1,7,2
2828,1,9,1,7,1
2829,1,5,0,7,1
2830,1,7,1,7,1
2831,1,7,3,7,1
2832,1,6,0,7,1
2833,1,9,0,7,1
2834,1,8,0,7,1
2835,1,3,0,7,1
2836,1,10,1,7,1
2837,1,11,0,7,1
2838,1,8,0,7,1
2839,1,7,0,7,1
2840,1,13,0,7,1
2841,1,8,0,7,1
2842,1,7,0,7,1
2843,1,11,0,7,1
2844,1,7,2,7,1
2845,1,11,0,7,1
2846,1,10,2,7,1
2847,1,11,0,7,1
2848,1,4,0,7,1
2849,1,6,0,7,1
2850,1,7,0,7,1
2851,1,12,0,7,1
2852,1,8,1,6,1
2853,2,5,0,7,2
2854,2,9,1,7,2
2855,2,9,0,7,2
2856,2,7,0,7,2
2857,2,13,1,7,2
2858,2,7,0,7,2
2859,2,9,0,7,2
2860,2,4,0,7,2
2861,2,8,0,7,2
2862,2,7,0,7,2
2863,2,11,0,7,2
2864,2,7,0,7,2
2865,2,10,0,7,2
2866,2,15,0,7,2
2867,2,9,0,7,2
2868,2,11,1,7,2
2869,2,6,0,7,2
2870,2,9,0,7,2
2871,2,8,0,7,2
2872,2,3,0,7,2
2873,2,6,0,7,2
2874,2,7,0,7,2
2875,2,9,0,7,2
2876,3,12,0,8,3
2877,3,9,0,8,3
2878,3,13,0,8,3
2879,3,6,0,8,3
2880,3,10,2,8,3
2881,3,7,0,8,3
2882,3,6,1,8,3
2883,3,13,1,8,3
2884,3,8,1,8,3
2885,3,10,1,8,3
2886,3,8,0,8,3
2887,3,10,0,8,3
2888,3,6,0,7,3
2889,3,5,1,7,3
2890,3,10,0,7,3
2891,3,6,0,7,3
2892,3,4,0,7,3
2893,3,3,0,7,3
2894,3,10,0,7,3
2895,3,8,1,7,3
2896,3,6,1,7,3
2897,3,8,0,7,3
2898,3,4,0,7,3
2899,3,9,0,7,3
2900,3,6,0,7,3
2901,3,12,1,7,3
2902,3,9,0,7,3
2903,3,8,0,7,3
2904,3,5,0,7,3
2905,3,9,0,7,3
2906,3,6,0,7,3
2907,3,9,0,7,3
2908,3,4,0,7,3
2909,3,3,0,7,3
2910,3,6,0,7,3
2911,3,11,0,7,3
2912,3,13,0,7,3
2913,3,7,0,7,3
2914,3,7,0,7,3
2915,3,7,0,7,3
2916,3,8,0,7,3
2917,3,7,3,7,3
2918,3,5,0,7,3
2919,3,9,0,7,3
2920,2,5,0,7,2
2921,2,8,0,6,2
2922,2,10,1,6,2
2923,2,8,0,6,2
2924,2,9,1,6,2
2925,2,6,0,6,2
2926,2,6,1,6,2
2927,2,9,0,6,2
2928,2,10,1,6,2
2929,2,11,0,6,2
2930,2,7,2,6,2
2931,2,8,0,6,2
2932,2,7,0,6,2
2933,2,8,0,6,2
2934,2,11,0,6,2
2935,2,4,0,6,2
2936,2,4,0,6,2
2937,2,7,0,6,2
2938,2,11,0,6,2
2939,2,7,1,6,2
2940,2,10,0,6,2
2941,2,11,0,6,2
2942,2,7,1,6,2
2943,2,4,0,6,2
2944,2,6,0,6,2
2945,2,8,0,6,2
2946,2,3,0,6,2
2947,2,10,1,6,2
2948,2,4,0,5,2
2949,2,9,0,5,2
2950,2,9,0,5,2
2951,2,11,0,5,2
2952,2,15,0,5,2
2953,1,6,0,5,1
2954,1,5,1,5,1
2955,1,9,0,5,1
2956,1,10,1,5,1
2957,1,6,0,5,1
2958,1,7,1,5,1
2959,1,10,0,5,1
2960,1,13,0,5,1
2961,1,6,0,5,1
2962,1,9,0,5,1
2963,1,12,0,5,1
2964,1,9,0,5,1
2965,1,6,0,5,1
2966,1,9,0,5,1
2967,1,7,0,5,1
2968,1,9,0,5,1
2969,1,7,0,5,1
2970,1,11,0,5,1
2971,0,8,0,5,0
2972,0,3,0,5,0
2973,0,11,0,5,0
2974,0,3,0,5,0
2975,0,8,0,5,0
2976,0,5,0,5,0
2977,0,8,0,5,0
2978,0,5,0,5,0
2979,0,6,1,5,0
2980,0,8,0,5,0
2981,0,4,0,5,0
2982,0,1,0,5,0
2983,0,9,0,5,0
2984,0,7,0,5,0
2985,0,12,1,5,0
2986,0,9,0,5,0
2987,0,7,0,5,0
2988,0,10,0,5,0
2989,0,8,0,5,0
2990,0,6,0,5,0
2991,0,7,0,5,0
2992,0,9,0,5,0
2993,0,7,0,5,0
2994,0,10,1,5,0
2995,0,14,0,5,0
2996,0,11,0,5,0
2997,0,7,1,5,0
2998,0,11,1,5,0
2999,0,4,0,5,0
3000,0,12,0,5,0
3001,0,3,0,5,0
3002,0,6,1,5,0
3003,0,10,0,5,0
3004,0,7,0,5,0
3005,0,10,0,5,0
3006,0,10,1,5,0
3007,0,9,0,5,0
3008,0,7,1,5,0
3009,0,6,0,5,0
3010,0,4,0,5,0
3011,0,7,0,5,0
3012,0,5,0,5,0
3013,0,10,0,5,0
3014,0,5,0,5,0
3015,0,11,0,5,0
3016,0,9,1,5,0
3017,0,6,1,5,0
3018,0,9,0,5,0
3019,0,5,0,5,0
3020,0,7,0,5,0
3021,0,6,0,5,0
3022,0,10,0,5,0
3023,0,3,0,5,0
3024,0,8,0,5,0
3025,0,7,0,5,0
3026,0,6,0,5,0
3027,0,3,0,5,0
3028,0,5,0,5,0
3029,0,10,0,5,0
3030,0,12,0,5,0
3031,0,7,0,5,0
3032,0,7,0,5,0
3033,0,8,0,5,0
3034,0,11,0,5,0
3035,0,9,0,5,0
3036,0,7,0,5,0
3037,0,8,0,5,0
3038,0,6,0,5,0
3039,0,7,0,5,0
3040,0,6,0,5,0
3041,0,6,0,5,0
3042,0,11,0,5,0
3043,0,6,0,5,0
3044,0,9,0,5,0
3045,0,8,0,5,0
3046,0,7,0,5,0
3047,0,4,1,5,0
3048,0,7,0,5,0
3049,0,13,0,5,0
3050,0,8,1,5,0
3051,0,10,1,5,0
3052,0,5,2,5,0
3053,0,6,1,5,0
3054,0,11,0,5,0
3055,0,3,0,5,0
3056,0,12,0,5,0
3057,0,10,0,5,0
3058,0,10,0,5,0
3059,0,12,0,5,0
3060,0,7,0,5,0
3061,0,10,0,5,0
3062,0,6,1,5,0
3063,0,4,0,5,0
3064,0,9,1,5,0
3065,0,13,0,5,0
3066,0,9,0,5,0
3067,0,6,0,5,0
3068,0,11,0,5,0
3069,0,5,0,5,0
3070,0,11,0,5,0
3071,0,7,0,5,0
3072,0,5,1,5,0
3073,0,6,0,5,0
3074,0,6,0,5,0
3075,0,4,0,5,0
3076,0,9,0,5,0
3077,0,8,0,5,0
3078,0,11,0,5,0
3079,0,7,0,5,0
3080,0,10,0,5,0
3081,0,11,1,5,0
3082,0,15,0,5,0
3083,0,6,0,5,0
3084,0,7,0,5,0
3085,0,9,0,5,0
3086,0,3,0,5,0
3087,0,11,0,5,0
3088,0,10,0,5,0
3089,0,7,0,5,0
3090,0,6,0,5,0
3091,0,10,0,5,0
3092,0,7,1,5,0
3093,0,10,1,5,0
3094,0,8,1,5,0
3095,0,7,0,5,0
3096,1,8,1,6,1
3097,1,9,1,6,1
3098,1,11,0,6,1
3099,1,9,0,6,1
3100,1,8,0,6,1
3101,1,5,0,6,1
3102,1,10,0,6,1
3103,1,9,0,6,1
3104,1,9,2,6,1
3105,1,6,0,6,1
3106,1,6,0,6,1
3107,1,15,0,6,1
3108,1,8,1,6,1
3109,1,7,1,6,1
3110,1,10,0,6,1
3111,1,9,0,6,1
3112,1,7,0,6,1
3113,1,8,0,6,1
3114,1,8,0,6,1
3115,1,8,0,6,1
3116,1,6,1,6,1
3117,0,9,0,6,0
3118,1,6,0,6,1
3119,1,9,0,6,1
3120,1,10,0,6,1
3121,1,9,0,6,1
3122,1,6,0,6,1
3123,1,10,0,6,1
3124,1,6,0,6,1
3125,1,11,0,6,1
3126,1,8,0,6,1
3127,2,4,0,7,2
3128,2,10,1,7,2
3129,2,5,1,6,2
3130,3,9,0,7,3
3131,3,9,1,7,3
3132,3,5,1,7,3
3133,3,5,0,7,3
3134,3,6,1,7,3
3135,3,9,0,7,3
3136,3,15,1,7,3
3137,3,7,1,7,3
3138,2,13,0,7,2
3139,2,4,0,7,2
3140,2,7,0,7,2
3141,1,11,0,7,1
3142,1,8,0,7,1
3143,1,7,0,7,1
3144,1,6,1,7,1
3145,1,6,0,7,1
3146,1,11,0,7,1
3147,1,10,0,7,1
3148,1,6,2,7,1
3149,1,10,1,7,1
3150,1,6,1,7,1
3151,1,10,1,7,1
3152,1,11,0,7,1
3153,2,9,1,8,2
3154,1,10,2,8,1
3155,1,6,1,8,1
3156,1,7,0,8,1
3157,1,11,0,8,1
3158,1,11,0,8,1
3159,1,10,0,8,1
3160,1,10,0,8,1
3161,1,4,0,8,1
3162,1,7,1,8,1
3163,1,9,0,8,1
3164,1,8,1,8,1
3165,1,11,1,8,1
3166,1,9,1,8,1
3167,1,11,0,8,1
3168,1,7,0,8,1
3169,1,13,0,8,1
3170,0,7,0,8,0
3171,0,6,0,8,0
3172,0,7,1,8,0
3173,0,12,1,8,0
3174,0,6,0,8,0
3175,0,4,0,8,0
3176,0,8,0,8,0
3177,0,4,1,8,0
3178,0,10,0,8,0
3179,0,7,0,8,0
3180,0,8,1,8,0
3181,0,15,0,8,0
3182,0,8,1,8,0
3183,0,8,1,8,0
3184,0,8,0,8,0
3185,0,8,0,8,0
3186,0,6,0,8,0
3187,0,5,0,8,0
3188,0,11,0,8,0
3189,0,9,1,8,0
3190,0,10,0,8,0
3191,0,9,0,8,0
3192,0,8,1,8,0
3193,0,11,1,8,0
3194,0,9,1,8,0
3195,0,4,1,8,0
3196,1,10,1,9,1
3197,1,8,0,9,1
3198,1,7,0,9,1
3199,1,13,1,9,1
3200,1,8,0,9,1
3201,1,5,0,9,1
3202,1,8,0,9,1
3203,1,6,0,9,1
3204,2,9,1,10,2
3205,2,9,1,10,2
3206,2,4,1,10,2
3207,2,5,0,10,2
3208,2,3,0,10,2
3209,2,6,0,10,2
3210,2,11,0,10,2
3211,2,5,0,10,2
3212,2,9,0,10,2
3213,2,6,1,10,2
3214,2,7,0,10,2
3215,2,6,0,10,2
3216,2,6,0,10,2
3217,2,8,0,10,2
3218,2,6,0,10,2
3219,2,6,0,10,2
3220,2,11,1,10,2
3221,2,9,0,9,2
3222,2,9,0,9,2
3223,2,6,0,9,2
3224,2,8,0,9,2
3225,2,5,0,9,2
3226,2,7,0,9,2
3227,2,4,0,9,2
3228,2,3,0,9,2
3229,2,10,1,9,2
3230,2,11,1,9,2
3231,2,6,2,9,2
3232,2,8,1,9,2
3233,2,9,1,9,2
3234,2,6,0,9,2
3235,2,8,0,9,2
3236,2,6,0,9,2
3237,2,8,0,9,2
3238,2,7,1,9,2
3239,2,10,0,10,2
3240,2,7,1,10,2
3241,2,6,0,10,2
3242,2,13,0,10,2
3243,2,9,0,10,2
3244,2,9,0,10,2
3245,2,5,0,10,2
3246,2,4,1,10,2
3247,2,9,0,10,2
3248,1,5,0,10,1
3249,1,4,0,10,1
3250,1,9,0,10,1
3251,1,8,0,10,1
3252,1,7,0,10,1
3253,1,10,1,10,1
3254,1,11,0,9,1
3255,1,13,1,9,1
3256,1,7,0,9,1
3257,1,6,1,9,1
3258,1,8,0,9,1
3259,1,8,0,9,1
3260,1,9,0,9,1
3261,1,5,0,9,1
3262,1,5,0,9,1
3263,1,9,0,9,1
3264,1,12,0,9,1
3265,1,10,0,9,1
3266,0,11,0,9,0
3267,0,9,0,9,0
3268,0,14,0,9,0
3269,0,6,0,9,0
3270,0,6,0,9,0
3271,0,5,0,9,0
3272,0,11,0,8,0
3273,0,7,1,8,0
3274,0,12,1,8,0
3275,0,13,1,8,0
3276,0,9,0,8,0
3277,0,8,0,8,0
3278,0,5,0,8,0
3279,0,7,2,8,0
3280,0,7,1,8,0
3281,0,7,1,8,0
3282,0,7,1,8,0
3283,0,10,0,8,0
3284,0,11,0,8,0
3285,0,6,0,8,0
3286,0,4,0,8,0
3287,0,9,0,8,0
3288,0,9,0,8,0
3289,0,5,0,8,0
3290,0,5,0,8,0
3291,0,9,0,8,0
3292,0,6,0,8,0
3293,0,14,1,8,0
3294,0,3,0,8,0
3295,0,9,0,8,0
3296,0,10,0,8,0
3297,0,11,0,8,0
3298,0,12,1,8,0
3299,0,8,1,8,0
3300,0,4,0,8,0
3301,0,12,0,8,0
3302,0,10,1,8,0
3303,0,10,0,8,0
3304,0,10,1,8,0
3305,0,10,0,8,0
3306,0,11,0,8,0
3307,0,4,0,8,0
3308,0,7,0,8,0
3309,0,9,0,8,0
3310,1,12,1,9,1
3311,1,8,0,9,1
3312,2,13,2,10,2
3313,2,8,1,10,2
3314,1,9,1,10,1
3315,1,6,0,10,1
3316,1,8,1,10,1
3317,1,8,0,10,1
3318,1,10,1,10,1
3319,1,5,2,10,1
3320,0,8,1,10,0
3321,0,7,0,10,0
3322,0,9,0,10,0
3323,0,6,1,10,0
3324,0,9,0,10,0
3325,0,5,0,10,0
3326,0,5,0,10,0
3327,0,7,0,10,0
3328,0,10,0,10,0
3329,0,11,0,10,0
3330,0,10,0,10,0
3331,0,5,0,10,0
3332,0,9,1,10,0
3333,0,8,1,10,0
3334,0,6,1,10,0
3335,0,12,1,10,0
3336,0,7,0,10,0
3337,0,9,0,10,0
3338,0,5,0,10,0
3339,0,10,0,10,0
3340,0,9,0,10,0
3341,0,17,0,10,0
3342,0,8,0,10,0
3343,0,8,0,10,0
3344,0,7,1,10,0
3345,0,7,0,10,0
3346,0,10,1,10,0
3347,0,13,0,10,0
3348,0,5,0,10,0
3349,0,10,0,10,0
3350,0,7,0,10,0
3351,0,10,0,10,0
3352,0,1,1,10,0
3353,0,8,0,10,0
3354,0,14,0,10,0
3355,0,9,0,10,0
3356,0,10,1,10,0
3357,0,8,0,10,0
3358,0,8,1,10,0
3359,0,9,0,10,0
3360,0,5,0,10,0
3361,0,7,0,10,0
3362,0,14,0,10,0
3363,0,11,1,10,0
3364,0,11,0,10,0
3365,0,5,1,10,0
3366,0,8,0,10,0
3367,0,10,0,10,0
3368,0,9,0,10,0
3369,0,11,0,10,0
3370,0,11,1,10,0
3371,0,7,1,10,0
3372,0,5,0,10,0
3373,0,4,0,10,0
3374,0,9,0,10,0
3375,0,7,1,10,0
3376,0,6,0,10,0
3377,0,12,0,10,0
3378,0,11,0,10,0
3379,0,3,0,10,0
3380,0,5,0,10,0
3381,0,5,0,10,0
3382,0,6,0,10,0
3383,0,8,0,10,0
3384,0,4,0,10,0
3385,0,8,0,10,0
3386,0,10,0,10,0
3387,0,9,0,10,0
3388,0,7,1,10,0
3389,0,6,0,10,0
3390,0,8,0,10,0
3391,0,6,1,10,0
3392,0,10,0,10,0
3393,0,7,0,10,0
3394,0,12,0,10,0
3395,0,4,0,10,0
3396,0,7,0,10,0
3397,0,8,0,10,0
3398,0,5,0,10,0
3399,0,11,0,10,0
3400,0,15,0,10,0
3401,0,6,0,10,0
3402,0,13,0,10,0
3403,0,7,0,10,0
3404,0,11,0,10,0
3405,0,6,1,10,0
3406,0,6,0,10,0
3407,0,7,0,10,0
3408,0,9,0,10,0
3409,0,9,0,10,0
3410,0,8,0,10,0
3411,0,8,0,10,0
3412,0,7,0,10,0
3413,0,11,0,10,0
3414,0,6,0,10,0
3415,0,8,0,10,0
3416,0,9,0,10,0
3417,0,9,1,10,0
3418,1,8,0,10,1
3419,1,8,0,10,1
3420,1,8,0,10,1
3421,1,8,0,10,1
3422,1,10,0,10,1
3423,1,7,0,10,1
3424,1,10,0,10,1
3425,1,7,0,10,1
3426,1,9,0,10,1
3427,2,10,0,11,2
3428,2,9,0,11,2
3429,2,6,0,11,2
3430,2,7,0,11,2
3431,2,11,0,11,2
3432,2,12,0,11,2
3433,2,6,0,11,2
3434,2,8,1,11,2
3435,2,8,0,11,2
3436,2,6,0,11,2
3437,2,11,0,11,2
3438,2,6,0,11,2
3439,3,8,1,11,3
3440,3,8,0,11,3
3441,3,16,0,11,3
3442,3,6,0,10,3
3443,4,4,0,11,4
3444,4,13,0,11,4
3445,4,9,0,11,4
3446,4,9,1,11,4
3447,4,6,0,11,4
3448,4,4,0,11,4
3449,4,5,0,11,4
3450,4,7,0,11,4
3451,4,9,0,11,4
3452,4,8,0,11,4
3453,4,8,0,11,4
3454,4,9,0,11,4
3455,4,6,1,10,4
3456,4,10,1,10,4
3457,4,8,1,10,4
3458,4,10,2,10,4
3459,4,12,1,10,4
3460,4,6,0,10,4
3461,3,8,0,10,3
3462,3,12,1,10,3
3463,3,8,1,10,3
3464,2,10,1,10,2
3465,2,8,1,10,2
3466,1,6,1,10,1
3467,1,6,0,10,1
3468,1,8,0,10,1
3469,1,12,1,10,1
3470,1,9,1,10,1
3471,1,6,0,9,1
3472,1,5,0,9,1
3473,1,11,0,9,1
3474,1,5,0,9,1
3475,1,9,0,9,1
3476,1,7,0,9,1
3477,1,6,0,9,1
3478,1,12,0,9,1
3479,1,7,0,9,1
3480,1,7,1,9,1
3481,1,6,1,9,1
3482,1,10,2,9,1
3483,1,7,0,9,1
3484,1,11,1,9,1
3485,1,9,0,9,1
3486,1,8,1,9,1
3487,1,7,0,9,1
3488,1,11,0,9,1
3489,1,13,0,9,1
3490,1,7,0,9,1
3491,1,4,0,9,1
3492,1,6,0,9,1
3493,1,6,0,9,1
3494,1,13,0,9,1
3495,0,13,0,9,0
3496,0,10,0,9,0
3497,0,6,0,9,0
3498,0,9,0,9,0
3499,0,11,0,9,0
3500,0,8,0,9,0
3501,0,3,0,9,0
3502,0,4,0,9,0
3503,0,10,0,9,0
3504,0,6,0,9,0
3505,0,11,0,9,0
3506,0,10,0,9,0
3507,0,10,0,9,0
3508,0,12,0,9,0
3509,0,4,0,9,0
3510,0,9,0,9,0
3511,0,7,0,9,0
3512,0,10,0,9,0
3513,0,10,0,9,0
3514,0,5,0,9,0
3515,0,6,0,9,0
3516,0,12,1,9,0
3517,0,7,0,9,0
3518,0,11,0,9,0
3519,0,12,0,9,0
3520,0,5,0,9,0
3521,0,5,0,9,0
3522,0,7,0,9,0
3523,0,11,0,9,0
3524,0,9,1,9,0
3525,0,8,0,9,0
3526,0,8,1,9,0
3527,0,7,0,9,0
3528,0,9,0,9,0
3529,0,6,0,9,0
3530,0,7,0,9,0
3531,0,8,0,9,0
3532,0,12,0,9,0
3533,0,7,1,9,0
3534,0,6,0,9,0
3535,0,6,0,9,0
3536,0,9,0,9,0
3537,0,10,1,9,0
3538,0,6,1,9,0
3539,0,7,1,9,0
3540,0,4,0,8,0
3541,0,8,0,8,0
3542,0,9,0,8,0
3543,0,6,1,8,0
3544,0,9,0,8,0
3545,0,11,1,8,0
3546,0,7,1,8,0
3547,0,12,0,8,0
3548,0,7,0,8,0
3549,0,10,1,7,0
3550,0,13,0,7,0
3551,0,7,1,7,0
3552,0,8,0,7,0
3553,0,9,0,7,0
3554,0,9,0,7,0
3555,0,9,0,7,0
3556,0,7,0,7,0
3557,0,9,2,7,0
3558,0,7,0,7,0
3559,0,5,0,7,0
3560,0,5,0,7,0
3561,0,8,0,7,0
3562,0,12,0,7,0
3563,0,7,0,7,0
3564,0,7,0,7,0
3565,0,9,1,7,0
3566,0,6,0,7,0
3567,0,8,0,6,0
3568,0,3,0,6,0
3569,0,6,0,6,0
3570,0,9,0,6,0
3571,0,8,0,6,0
3572,0,11,0,6,0
3573,0,9,0,6,0
3574,0,6,0,6,0
3575,0,9,0,6,0
3576,0,7,0,6,0
3577,0,11,0,6,0
3578,0,7,0,6,0
3579,0,14,0,6,0
3580,0,6,0,6,0
3581,0,9,0,6,0
3582,0,8,0,6,0
3583,1,11,0,7,1
3584,1,7,0,7,1
3585,1,7,0,7,1
3586,1,9,0,7,1
3587,1,11,1,7,1
3588,1,10,0,7,1
3589,1,7,0,7,1
3590,1,5,0,7,1
3591,1,15,0,7,1
3592,2,13,0,8,2
3593,2,13,0,8,2
3594,2,8,0,8,2
3595,2,10,0,8,2
3596,2,11,0,8,2
3597,1,8,0,8,1
3598,1,9,0,8,1
3599,1,8,0,8,1
3600,1,11,0,8,1
3601,1,7,0,8,1
3602,1,10,0,8,1
3603,1,4,0,8,1
3604,1,8,0,8,1
3605,1,8,0,8,1
3606,1,10,1,8,1
3607,1,10,0,8,1
3608,1,6,0,8,1
3609,1,4,1,8,1
3610,1,11,0,8,1
3611,1,13,0,8,1
3612,1,8,0,8,1
3613,1,9,0,8,1
3614,1,9,0,8,1
3615,1,7,0,7,1
3616,1,10,0,7,1
3617,1,8,1,7,1
3618,1,11,1,7,1
3619,1,7,0,7,1
3620,1,8,0,7,1
3621,1,6,0,6,1
3622,1,8,0,6,1
3623,1,8,0,6,1
3624,1,4,0,6,1
3625,1,11,0,6,1
3626,1,5,0,6,1
3627,1,4,2,6,1
3628,1,13,0,6,1
3629,1,7,0,6,1
3630,1,13,0,6,1
3631,1,11,0,6,1
3632,1,13,1,6,1
3633,1,7,0,6,1
3634,1,11,0,6,1
3635,1,7,0,6,1
3636,1,7,0,6,1
3637,1,9,0,6,1
3638,1,11,0,6,1
3639,1,7,0,6,1
3640,1,9,1,6,1
3641,1,3,1,6,1
3642,1,13,0,6,1
3643,1,11,0,6,1
3644,1,6,0,6,1
3645,1,9,0,6,1
3646,1,10,1,6,1
3647,1,8,1,6,1
3648,1,6,0,6,1
3649,1,10,0,6,1
3650,1,5,0,6,1
3651,1,8,0,6,1
3652,1,12,0,6,1
3653,1,7,0,6,1
3654,1,5,0,6,1
3655,1,9,0,6,1
3656,1,6,0,6,1
3657,1,6,0,6,1
3658,1,11,1,6,1
3659,1,10,1,6,1
3660,1,6,0,6,1
3661,1,9,0,6,1
3662,1,6,0,6,1
3663,1,10,0,6,1
3664,1,6,0,6,1
3665,1,7,0,6,1
3666,1,4,0,6,1
3667,1,7,0,6,1
3668,1,10,0,6,1
3669,1,12,0,6,1
3670,1,6,0,6,1
3671,1,6,1,6,1
3672,1,8,0,6,1
3673,1,5,0,6,1
3674,1,6,0,6,1
3675,1,11,0,6,1
3676,1,6,1,6,1
3677,1,7,1,6,1
3678,1,5,0,6,1
3679,1,8,0,6,1
3680,1,6,0,6,1
3681,1,14,0,6,1
3682,1,8,0,6,1
3683,1,9,0,6,1
3684,1,10,0,6,1
3685,0,10,0,6,0
3686,0,4,0,6,0
3687,0,6,0,6,0
3688,0,6,0,6,0
3689,0,11,0,6,0
3690,0,11,0,6,0
3691,0,8,0,6,0
3692,0,8,0,6,0
3693,0,8,0,6,0
3694,0,7,0,6,0
3695,0,13,0,6,0
3696,0,8,1,6,0
3697,0,5,0,6,0
3698,0,7,0,6,0
3699,0,3,1,6,0
3700,0,7,1,6,0
3701,0,6,0,6,0
3702,0,6,0,6,0
3703,0,7,0,6,0
3704,0,10,0,6,0
3705,0,13,0,6,0
3706,0,9,0,6,0
3707,0,5,0,6,0
3708,0,9,0,6,0
3709,0,9,1,6,0
3710,0,5,1,6,0
3711,0,6,0,6,0
3712,0,7,0,6,0
3713,0,8,0,6,0
3714,0,11,0,6,0
3715,0,8,0,6,0
3716,0,6,0,6,0
3717,0,12,1,6,0
3718,0,6,0,6,0
3719,0,10,1,6,0
3720,0,15,0,6,0
3721,0,10,0,6,0
3722,0,7,1,6,0
3723,0,7,0,6,0
3724,0,9,0,6,0
3725,0,11,0,6,0
3726,0,9,1,6,0
3727,0,8,0,6,0
3728,0,7,0,6,0
3729,0,8,1,6,0
3730,0,8,0,6,0
3731,0,11,0,6,0
3732,0,6,0,6,0
3733,0,6,1,6,0
3734,0,10,0,6,0
3735,0,15,0,6,0
3736,0,6,0,6,0
3737,0,7,0,6,0
3738,0,8,0,6,0
3739,0,8,1,6,0
3740,0,9,1,6,0
3741,0,12,1,6,0
3742,0,5,0,6,0
3743,0,10,0,6,0
3744,0,11,0,6,0
3745,0,6,0,6,0
3746,0,11,0,6,0
3747,0,8,0,6,0
3748,0,11,0,6,0
3749,0,6,0,6,0
3750,0,3,1,6,0
3751,0,7,0,6,0
3752,0,11,0,6,0
3753,0,13,1,6,0
3754,0,5,0,6,0
3755,0,9,0,6,0
3756,0,10,0,6,0
3757,0,7,0,6,0
3758,0,5,0,6,0
3759,0,7,0,6,0
3760,0,8,0,6,0
3761,0,10,0,6,0
3762,0,5,0,5,0
3763,0,8,0,5,0
3764,0,5,0,5,0
3765,0,7,1,4,0
3766,0,10,0,4,0
3767,0,11,0,3,0
3768,0,7,0,3,0
3769,0,8,0,3,0
3770,0,4,0,3,0
3771,0,8,0,3,0
3772,0,9,0,3,0
3773,0,5,0,3,0
3774,0,7,0,3,0
3775,0,6,1,3,0
3776,0,14,0,3,0
3777,0,11,0,3,0
3778,0,8,0,3,0
3779,0,6,0,3,0
3780,0,9,1,3,0
3781,0,9,0,3,0
3782,0,4,0,3,0
3783,0,9,0,3,0
3784,0,12,0,3,0
3785,1,12,2,4,1
3786,1,8,2,4,1
3787,1,8,0,4,1
3788,1,8,0,4,1
3789,1,12,0,4,1
3790,1,5,1,4,1
3791,1,11,0,4,1
3792,1,11,0,4,1
3793,1,10,1,4,1
3794,1,7,0,4,1
3795,1,5,0,4,1
3796,1,7,0,3,1
3797,1,10,0,3,1
3798,1,12,0,3,1
3799,1,8,0,3,1
3800,1,8,0,3,1
3801,1,17,0,3,1
3802,1,8,1,3,1
3803,1,11,0,3,1
3804,1,9,0,3,1
3805,1,10,0,3,1
3806,1,10,0,3,1
3807,1,12,1,3,1
3808,1,6,0,3,1
3809,1,8,0,3,1
3810,1,5,0,3,1
3811,1,11,0,3,1
3812,1,6,1,3,1
3813,1,4,1,3,1
3814,1,9,0,3,1
3815,1,4,0,3,1
3816,1,6,0,3,1
3817,1,11,0,3,1
3818,1,10,0,3,1
3819,1,11,0,3,1
3820,1,8,0,3,1
3821,1,6,0,3,1
3822,1,7,0,3,1
3823,1,10,0,3,1
3824,1,14,0,3,1
3825,1,6,0,3,1
3826,1,6,0,3,1
3827,1,9,0,3,1
3828,1,15,0,3,1
3829,1,9,0,3,1
3830,1,9,1,3,1
3831,1,14,0,3,1
3832,1,8,0,3,1
3833,1,9,0,3,1
3834,1,9,0,3,1
3835,1,6,0,3,1
3836,1,7,1,3,1
3837,1,9,0,3,1
3838,1,6,0,3,1
3839,0,5,0,3,0
3840,0,13,0,3,0
3841,0,11,0,3,0
3842,0,3,0,3,0
3843,0,6,0,3,0
3844,0,10,0,3,0
3845,0,12,0,3,0
3846,0,11,1,3,0
3847,0,10,0,3,0
3848,0,4,0,3,0
3849,0,9,0,3,0
3850,0,6,0,3,0
3851,0,9,0,3,0
3852,0,5,0,3,0
3853,0,6,0,3,0
3854,0,3,0,3,0
3855,0,5,0,3,0
3856,0,13,0,3,0
3857,0,7,0,3,0
3858,0,9,0,3,0
3859,0,6,0,3,0
3860,0,6,0,3,0
3861,0,5,0,3,0
3862,0,7,0,3,0
3863,0,10,0,3,0
3864,0,9,0,3,0
3865,0,15,0,3,0
3866,0,13,0,3,0
3867,0,8,0,3,0
3868,0,6,0,3,0
3869,0,12,0,3,0
3870,0,6,0,3,0
3871,0,10,0,3,0
3872,0,4,1,3,0
3873,0,5,0,3,0
3874,0,13,0,3,0
3875,0,8,1,3,0
3876,0,13,1,3,0
3877,0,7,0,3,0
3878,0,12,0,3,0
3879,0,6,0,3,0
3880,0,6,0,3,0
3881,0,13,0,3,0
3882,0,6,0,3,0
3883,0,3,0,3,0
3884,0,15,0,3,0
3885,0,9,0,3,0
3886,0,8,0,3,0
3887,0,10,0,3,0
3888,0,9,0,3,0
3889,0,9,0,3,0
3890,0,8,0,3,0
3891,0,13,1,3,0
3892,0,7,1,3,0
3893,0,9,1,3,0
3894,0,10,0,3,0
3895,0,5,0,3,0
3896,0,6,0,3,0
3897,0,9,0,3,0
3898,0,9,1,2,0
3899,0,7,0,2,0
3900,0,3,0,2,0
3901,0,7,0,2,0
3902,0,8,0,2,0
3903,0,6,0,2,0
3904,0,12,0,2,0
3905,0,12,0,2,0
3906,0,4,0,2,0
3907,0,8,0,2,0
3908,0,10,0,2,0
3909,0,8,0,2,0
3910,0,7,0,2,0
3911,0,9,0,2,0
3912,0,8,0,2,0
3913,0,16,0,2,0
3914,0,4,0,2,0
3915,0,10,0,2,0
3916,0,6,0,2,0
3917,0,10,0,2,0
3918,0,7,0,2,0
3919,0,8,0,2,0
3920,0,3,0,2,0
3921,0,7,0,2,0
3922,0,4,0,2,0
3923,0,12,0,2,0
3924,0,6,1,2,0
3925,0,8,0,2,0
3926,0,12,1,2,0
3927,0,6,0,2,0
3928,0,8,0,2,0
3929,0,12,0,2,0
3930,0,11,0,2,0
3931,0,8,0,2,0
3932,0,6,0,2,0
3933,0,7,0,2,0
3934,0,12,0,2,0
3935,0,7,0,2,0
3936,0,8,0,2,0
3937,0,7,0,2,0
3938,0,10,0,2,0
3939,0,2,0,2,0
3940,0,9,0,2,0
3941,0,12,0,2,0
3942,0,8,0,2,0
3943,0,7,0,2,0
3944,1,12,0,3,1
3945,1,15,1,3,1
3946,1,6,0,3,1
3947,1,7,0,3,1
3948,1,11,0,3,1
3949,1,7,0,3,1
3950,1,4,0,3,1
3951,1,10,0,3,1
3952,1,9,0,3,1
3953,1,5,0,3,1
3954,1,11,0,3,1
3955,1,5,0,3,1
3956,1,10,0,3,1
3957,1,8,0,3,1
3958,1,4,0,3,1
3959,1,13,0,3,1
3960,1,6,0,3,1
3961,1,13,0,3,1
3962,1,10,0,3,1
3963,1,7,0,3,1
3964,1,6,0,3,1
3965,1,10,0,3,1
3966,1,11,0,3,1
3967,1,11,0,3,1
3968,1,6,0,3,1
3969,0,11,0,3,0
3970,0,11,0,3,0
3971,0,11,0,3,0
3972,0,6,0,3,0
3973,0,12,0,3,0
3974,0,11,0,3,0
3975,0,10,0,3,0
3976,0,12,0,3,0
3977,0,6,0,3,0
3978,0,7,0,3,0
3979,0,10,0,3,0
3980,0,9,0,3,0
3981,0,10,0,3,0
3982,0,8,1,3,0
3983,0,11,0,3,0
3984,0,11,0,3,0
3985,0,7,0,3,0
3986,0,8,0,2,0
3987,0,6,0,2,0
3988,0,7,0,2,0
3989,0,5,0,2,0
3990,0,5,0,2,0
3991,0,5,0,2,0
3992,0,9,1,2,0
3993,0,10,0,2,0
3994,0,8,0,2,0
3995,0,10,1,2,0
3996,0,10,0,2,0
3997,0,10,0,2,0
3998,0,10,0,2,0
3999,0,9,0,2,0
4000,0,14,0,2,0
4001,0,6,0,2,0
4002,0,11,0,2,0
4003,0,7,0,2,0
4004,0,6,0,2,0
4005,0,9,0,2,0
4006,0,11,0,2,0
4007,0,8,0,2,0
4008,0,9,0,2,0
4009,0,6,0,2,0
4010,0,13,0,2,0
4011,0,12,0,2,0
4012,0,10,0,2,0
4013,0,12,0,2,0
4014,0,11,0,2,0
4015,0,10,0,2,0
4016,0,9,0,2,0
4017,0,6,0,2,0
4018,0,7,0,2,0
4019,0,9,0,2,0
4020,0,17,0,2,0
4021,0,5,0,2,0
4022,0,4,0,2,0
4023,0,11,0,2,0
4024,0,7,0,2,0
4025,0,7,0,2,0
4026,0,13,0,2,0
4027,0,9,0,2,0
4028,0,6,0,2,0
4029,0,10,0,2,0
4030,0,8,0,2,0
4031,0,4,0,2,0
4032,0,10,0,2,0
4033,0,9,0,2,0
4034,0,9,1,2,0
4035,0,6,1,2,0
4036,0,3,0,2,0
4037,0,9,0,2,0
4038,0,11,1,2,0
4039,0,9,0,2,0
4040,0,7,0,2,0
4041,0,9,0,2,0
4042,0,10,0,2,0
4043,0,8,0,2,0
4044,0,8,0,2,0
4045,0,8,0,2,0
4046,0,10,0,2,0
4047,0,5,0,2,0
4048,0,8,0,2,0
4049,0,7,0,2,0
4050,0,10,0,2,0
4051,0,7,0,2,0
4052,0,7,0,2,0
4053,0,11,0,2,0
4054,0,7,0,2,0
4055,0,14,0,2,0
4056,0,4,0,2,0
4057,0,8,1,2,0
4058,0,13,0,2,0
4059,0,7,0,2,0
4060,0,10,0,2,0
4061,0,8,0,2,0
4062,0,14,0,2,0
4063,0,5,0,2,0
4064,0,12,0,2,0
4065,0,10,0,2,0
4066,0,11,0,2,0
4067,0,8,0,2,0
4068,0,13,0,2,0
4069,0,8,0,2,0
4070,0,10,1,2,0
4071,0,11,0,2,0
4072,0,6,0,2,0
4073,0,9,0,2,0
4074,0,11,0,2,0
4075,0,6,0,2,0
4076,0,9,2,2,0
4077,0,6,2,2,0
4078,0,5,1,2,0
4079,0,8,1,2,0
4080,0,12,0,2,0
4081,0,5,0,2,0
4082,0,3,0,2,0
4083,0,5,0,2,0
4084,0,9,0,2,0
4085,0,12,0,2,0
4086,0,8,1,2,0
4087,0,8,0,2,0
4088,0,7,0,2,0
4089,0,4,0,2,0
4090,0,8,0,2,0
4091,0,11,0,2,0
4092,0,2,0,2,0
4093,0,7,0,2,0
4094,0,6,0,2,0
4095,0,12,0,2,0
4096,0,7,0,2,0
4097,0,6,0,2,0
4098,0,6,0,2,0
4099,0,9,1,2,0
4100,0,8,0,2,0
4101,0,7,0,2,0
4102,0,8,1,2,0
4103,0,7,1,2,0
4104,0,7,0,2,0
4105,0,5,0,2,0
4106,1,7,0,3,1
4107,1,13,0,3,1
4108,1,7,0,3,1
4109,1,5,1,3,1
4110,1,15,0,3,1
4111,1,9,0,3,1
4112,1,8,0,3,1
4113,1,14,0,3,1
4114,1,9,0,3,1
4115,1,7,0,3,1
4116,1,11,1,3,1
4117,1,9,0,3,1
4118,1,14,0,3,1
4119,1,5,0,3,1
4120,1,12,0,3,1
4121,1,6,0,3,1
4122,1,7,0,3,1
4123,0,9,0,3,0
4124,0,9,0,3,0
4125,0,16,0,3,0
4126,1,9,1,4,1
4127,1,3,1,4,1
4128,1,9,0,4,1
4129,1,9,0,4,1
4130,1,11,0,4,1
4131,1,5,0,4,1
4132,1,11,0,4,1
4133,1,6,1,4,1
4134,1,8,1,4,1
4135,1,9,0,4,1
4136,1,4,0,4,1
4137,1,6,0,4,1
4138,1,7,0,4,1
4139,1,11,0,4,1
4140,1,6,0,3,1
4141,1,4,0,3,1
4142,1,8,0,3,1
4143,1,7,0,3,1
4144,1,10,0,3,1
4145,2,6,1,4,2
4146,2,10,0,4,2
4147,2,5,0,4,2
4148,2,5,0,4,2
4149,2,6,0,4,2
4150,2,7,0,4,2
4151,2,7,0,4,2
4152,2,9,0,4,2
4153,2,9,0,4,2
4154,2,5,0,4,2
4155,2,7,0,4,2
4156,2,5,0,4,2
4157,2,4,1,4,2
4158,2,6,0,4,2
4159,2,6,0,4,2
4160,2,10,0,4,2
4161,1,5,0,4,1
4162,1,7,0,4,1
4163,1,8,0,4,1
4164,1,9,0,4,1
4165,1,6,0,4,1
4166,1,11,0,4,1
4167,1,9,0,4,1
4168,1,6,1,4,1
4169,1,9,0,4,1
4170,1,10,1,4,1
4171,1,5,0,4,1
4172,1,9,0,4,1
4173,1,11,0,4,1
4174,1,9,0,4,1
4175,1,7,0,4,1
4176,0,10,0,4,0
4177,0,4,0,4,0
4178,0,10,0,4,0
4179,0,8,0,4,0
4180,0,7,0,4,0
4181,0,6,0,4,0
4182,0,9,1,4,0
4183,0,5,1,4,0
4184,0,8,1,4,0
4185,0,8,1,4,0
4186,0,9,1,4,0
4187,0,3,0,4,0
4188,0,11,0,4,0
4189,0,9,0,4,0
4190,0,9,0,4,0
4191,0,9,0,4,0
4192,0,5,1,4,0
4193,0,9,1,4,0
4194,0,10,0,4,0
4195,0,6,0,4,0
4196,0,11,0,4,0
4197,0,8,1,4,0
4198,0,6,0,4,0
4199,1,7,0,5,1
4200,1,9,1,5,1
4201,1,6,0,5,1
4202,1,9,0,5,1
4203,1,3,0,5,1
4204,1,7,0,5,1
4205,1,10,0,5,1
4206,1,8,0,5,1
4207,1,7,0,5,1
4208,1,12,0,5,1
4209,1,8,0,5,1
4210,1,12,0,5,1
4211,1,5,0,5,1
4212,1,6,0,5,1
4213,1,2,0,5,1
4214,1,7,0,5,1
4215,1,8,0,5,1
4216,0,11,0,5,0
4217,0,5,0,5,0
4218,1,10,2,6,1
4219,1,7,0,6,1
4220,1,5,0,6,1
4221,1,7,0,6,1
4222,1,4,1,6,1
4223,1,2,0,6,1
4224,1,12,0,6,1
4225,1,11,0,6,1
4226,1,11,0,6,1
4227,1,7,0,6,1
4228,0,7,0,6,0
4229,0,11,0,6,0
4230,0,10,0,6,0
4231,0,8,0,6,0
4232,0,16,0,6,0
4233,0,9,0,6,0
4234,0,10,0,6,0
4235,0,11,0,6,0
4236,0,9,0,6,0
4237,0,11,0,6,0
4238,0,9,1,6,0
4239,0,4,0,6,0
4240,0,11,1,6,0
4241,0,11,0,6,0
4242,0,6,0,6,0
4243,0,8,0,6,0
4244,0,8,0,6,0
4245,0,8,0,6,0
4246,0,12,0,6,0
4247,0,8,0,6,0
4248,0,5,0,6,0
4249,0,9,0,6,0
4250,0,14,0,6,0
4251,0,5,0,6,0
4252,0,11,0,6,0
4253,0,7,1,6,0
4254,0,7,0,6,0
4255,0,6,0,6,0
4256,0,6,0,6,0
4257,0,12,0,6,0
4258,0,7,0,6,0
4259,0,12,0,6,0
4260,0,8,0,6,0
4261,0,9,0,6,0
4262,0,8,0,6,0
4263,0,7,0,6,0
4264,0,4,0,6,0
4265,0,5,0,6,0
4266,0,10,1,6,0
4267,0,4,1,6,0
4268,0,6,1,6,0
4269,0,6,1,6,0
4270,0,8,0,5,0
4271,0,11,0,5,0
4272,0,6,0,5,0
4273,0,10,0,5,0
4274,0,5,0,5,0
4275,0,8,0,5,0
4276,0,4,1,5,0
4277,0,8,0,5,0
4278,0,5,0,5,0
4279,0,8,0,5,0
4280,0,6,0,5,0
4281,0,8,0,5,0
4282,0,6,0,5,0
4283,0,13,0,5,0
4284,0,3,0,5,0
4285,0,4,0,5,0
4286,0,9,0,5,0
4287,0,11,0,5,0
4288,0,10,0,5,0
4289,0,9,1,5,0
4290,0,2,0,5,0
4291,0,6,1,5,0
4292,0,9,1,5,0
4293,0,10,0,5,0
4294,0,7,0,5,0
4295,0,11,0,5,0
4296,0,11,0,5,0
4297,0,10,0,5,0
4298,0,8,0,5,0
4299,0,6,0,5,0
4300,0,11,0,5,0
4301,0,11,0,5,0
4302,0,12,0,5,0
4303,0,8,0,5,0
4304,0,12,0,5,0
4305,0,5,0,5,0
4306,0,11,0,5,0
4307,0,9,0,5,0
4308,0,15,0,5,0
4309,0,5,0,5,0
4310,0,11,0,5,0
4311,0,15,0,5,0
4312,0,10,1,5,0
4313,0,4,1,5,0
4314,0,6,1,5,0
4315,0,7,0,5,0
4316,0,12,0,5,0
4317,0,14,0,5,0
4318,0,7,0,5,0
4319,0,7,0,5,0
4320,0,13,0,5,0
4321,0,11,0,5,0
4322,0,8,0,5,0
4323,0,8,0,5,0
4324,0,6,0,5,0
4325,0,8,0,5,0
4326,0,9,0,5,0
4327,0,6,0,5,0
4328,0,4,1,5,0
4329,0,12,0,5,0
4330,0,11,0,5,0
4331,0,8,0,5,0
4332,0,9,0,5,0
4333,0,6,0,5,0
4334,0,8,0,5,0
4335,0,11,0,5,0
4336,0,10,0,5,0
4337,0,12,0,5,0
4338,0,4,0,5,0
4339,0,7,1,5,0
4340,0,8,0,5,0
4341,0,7,1,5,0
4342,0,9,0,5,0
4343,0,10,0,5,0
4344,0,11,0,5,0
4345,0,8,0,5,0
4346,0,6,0,5,0
4347,0,9,0,5,0
4348,0,5,1,5,0
4349,0,9,1,5,0
4350,0,10,0,5,0
4351,0,7,0,5,0
4352,0,8,0,5,0
4353,0,9,1,5,0
4354,0,8,0,5,0
4355,0,5,0,5,0
4356,0,8,2,5,0
4357,0,2,0,5,0
4358,0,9,0,5,0
4359,0,9,0,5,0
4360,0,4,0,5,0
4361,0,7,1,5,0
4362,0,8,0,5,0
4363,0,5,0,5,0
4364,0,6,0,5,0
4365,0,7,0,5,0
4366,0,7,0,5,0
4367,0,13,0,5,0
4368,0,8,0,5,0
4369,0,10,0,5,0
4370,0,7,0,5,0
4371,0,7,0,5,0
4372,0,7,0,5,0
4373,0,7,1,5,0
4374,0,6,0,5,0
4375,0,6,0,5,0
4376,0,6,0,5,0
4377,0,4,0,5,0
4378,0,4,0,5,0
4379,0,7,0,5,0
4380,0,6,0,5,0
4381,0,7,0,5,0
4382,0,10,0,5,0
4383,0,8,0,5,0
4384,0,10,0,5,0
4385,0,7,0,5,0
4386,0,3,0,5,0
4387,0,5,0,5,0
4388,0,7,0,5,0
4389,0,9,0,5,0
4390,0,15,0,5,0
4391,0,12,0,5,0
4392,0,7,0,5,0
4393,0,4,0,5,0
4394,0,8,0,5,0
4395,0,4,0,5,0
4396,0,7,0,5,0
4397,0,13,0,5,0
4398,0,8,0,5,0
4399,0,11,0,5,0
4400,0,6,0,5,0
4401,0,6,0,5,0
4402,0,8,0,5,0
4403,0,4,0,5,0
4404,0,10,0,5,0
4405,0,7,0,5,0
4406,0,10,0,5,0
4407,0,7,0,5,0
4408,0,10,0,5,0
4409,0,7,0,5,0
4410,1,8,1,6,1
4411,1,8,0,6,1
4412,1,11,0,6,1
4413,1,11,0,6,1
4414,1,4,0,6,1
4415,1,4,0,6,1
4416,1,7,0,6,1
4417,1,7,1,6,1
4418,1,8,0,6,1
4419,1,9,0,6,1
4420,1,10,0,6,1
4421,1,6,0,6,1
4422,1,12,0,6,1
4423,1,6,0,6,1
4424,1,5,0,5,1
4425,1,14,0,5,1
4426,1,8,0,5,1
4427,1,7,0,5,1
4428,1,8,0,5,1
4429,1,10,0,5,1
4430,1,10,0,5,1
4431,1,13,0,5,1
4432,1,9,0,5,1
4433,1,11,0,5,1
4434,1,9,0,5,1
4435,1,5,0,5,1
4436,1,7,0,5,1
4437,1,16,0,5,1
4438,1,9,0,5,1
4439,1,11,0,5,1
4440,1,7,0,5,1
4441,1,11,0,5,1
4442,1,9,0,5,1
4443,1,7,0,5,1
4444,1,5,0,5,1
4445,1,9,1,5,1
4446,1,8,0,5,1
4447,1,5,0,5,1
4448,1,10,0,5,1
4449,2,11,1,6,2
4450,2,13,1,6,2
4451,2,10,0,6,2
4452,2,6,0,6,2
4453,2,5,0,6,2
4454,2,10,0,6,2
4455,2,7,1,6,2
4456,2,4,2,6,2
4457,2,10,1,6,2
4458,2,12,0,6,2
4459,2,8,0,6,2
4460,2,10,0,6,2
4461,2,7,0,6,2
4462,2,7,0,5,2
4463,2,9,0,5,2
4464,2,9,0,5,2
4465,2,9,0,5,2
4466,2,11,0,5,2
4467,2,5,0,5,2
4468,2,12,0,5,2
4469,2,7,0,5,2
4470,2,16,0,5,2
4471,2,6,0,5,2
4472,2,14,0,5,2
4473,2,4,0,5,2
4474,2,9,0,5,2
4475,1,6,0,5,1
4476,1,9,0,5,1
4477,1,9,1,4,1
4478,1,10,0,4,1
4479,1,15,0,4,1
4480,1,10,0,4,1
4481,1,6,0,4,1
4482,1,5,1,4,1
4483,1,5,0,4,1
4484,1,8,0,4,1
4485,1,8,0,4,1
4486,1,9,0,4,1
4487,1,10,0,4,1
4488,1,11,0,4,1
4489,1,7,0,4,1
4490,1,13,0,4,1
4491,1,7,0,4,1
4492,1,6,0,4,1
4493,1,5,0,4,1
4494,1,12,0,4,1
4495,1,7,0,4,1
4496,1,6,0,4,1
4497,1,9,1,4,1
4498,1,9,1,4,1
4499,1,6,0,4,1
4500,1,9,0,4,1
4501,1,9,0,4,1
4502,1,7,0,4,1
4503,1,10,0,4,1
4504,1,7,0,4,1
4505,1,7,0,4,1
4506,1,10,0,4,1
4507,1,7,0,4,1
4508,1,7,0,4,1
4509,1,8,0,4,1
4510,1,8,0,4,1
4511,1,2,0,4,1
4512,1,10,0,4,1
4513,1,6,0,4,1
4514,1,4,0,4,1
4515,1,14,0,4,1
4516,1,11,0,4,1
4517,1,9,0,3,1
4518,0,7,0,3,0
4519,0,6,0,3,0
4520,0,7,0,3,0
4521,0,10,0,3,0
4522,0,10,0,3,0
4523,0,4,0,3,0
4524,0,6,0,3,0
4525,0,8,1,3,0
4526,0,9,1,3,0
4527,0,11,0,3,0
4528,0,7,0,3,0
4529,0,9,0,2,0
4530,0,6,0,2,0
4531,0,4,0,2,0
4532,0,11,0,2,0
4533,0,9,0,2,0
4534,0,5,0,2,0
4535,0,5,0,2,0
4536,0,9,0,2,0
4537,0,6,0,2,0
4538,0,5,0,2,0
4539,0,7,0,2,0
4540,0,6,0,2,0
4541,0,6,0,2,0
4542,0,9,0,2,0
4543,0,7,0,2,0
4544,0,9,0,2,0
4545,0,8,0,2,0
4546,0,8,0,2,0
4547,0,7,0,2,0
4548,0,10,0,2,0
4549,0,8,0,2,0
4550,0,7,0,2,0
4551,0,9,0,2,0
4552,0,10,1,2,0
4553,0,8,0,2,0
4554,0,8,0,2,0
4555,0,2,0,2,0
4556,0,4,1,2,0
4557,0,13,0,2,0
4558,0,8,0,2,0
4559,0,10,0,2,0
4560,0,10,0,2,0
4561,0,7,0,2,0
4562,0,7,0,2,0
4563,0,10,0,2,0
4564,0,10,0,2,0
4565,0,5,0,2,0
4566,0,7,0,2,0
4567,0,10,0,2,0
4568,0,14,0,2,0
4569,0,17,0,2,0
4570,0,9,0,2,0
4571,0,6,0,2,0
4572,0,6,0,2,0
4573,0,10,0,2,0
4574,0,8,1,2,0
4575,0,7,0,2,0
4576,0,3,0,2,0
4577,0,10,0,2,0
4578,0,11,0,2,0
4579,0,4,0,2,0
4580,0,7,0,2,0
4581,0,9,0,2,0
4582,0,9,1,2,0
4583,0,8,0,2,0
4584,0,7,0,2,0
4585,0,8,0,2,0
4586,0,9,0,2,0
4587,0,10,0,2,0
4588,0,8,0,2,0
4589,0,7,0,2,0
4590,0,5,0,2,0
4591,0,9,0,2,0
4592,0,9,0,2,0
4593,0,8,0,2,0
4594,0,9,0,2,0
4595,0,13,0,2,0
4596,0,12,0,2,0
4597,0,10,0,2,0
4598,0,11,0,2,0
4599,0,6,0,2,0
4600,0,6,0,2,0
4601,0,9,0,2,0
4602,0,9,0,2,0
4603,0,9,0,2,0
4604,0,10,1,2,0
4605,0,7,0,2,0
4606,0,11,0,2,0
4607,0,6,0,2,0
4608,0,13,0,2,0
4609,0,1,1,2,0
4610,0,7,0,2,0
4611,0,8,0,2,0
4612,0,5,0,2,0
4613,0,6,1,2,0
4614,0,11,0,2,0
4615,0,6,0,2,0
4616,0,8,0,2,0
4617,0,4,0,2,0
4618,0,10,0,2,0
4619,0,10,0,2,0
4620,0,6,0,2,0
4621,0,14,1,2,0
4622,0,7,0,2,0
4623,0,4,0,2,0
4624,0,7,0,2,0
4625,0,6,0,2,0
4626,0,11,1,2,0
4627,0,5,0,2,0
4628,0,9,0,2,0
4629,0,7,0,2,0
4630,0,10,0,2,0
4631,0,10,0,2,0
4632,0,9,0,2,0
4633,0,9,0,2,0
4634,0,11,0,2,0
4635,0,8,0,2,0
4636,0,8,0,2,0
4637,0,6,0,2,0
4638,0,6,0,2,0
4639,0,4,0,2,0
4640,0,11,0,2,0
4641,0,4,0,2,0
4642,0,5,0,2,0
4643,0,14,0,2,0
4644,0,3,0,2,0
4645,0,8,0,2,0
4646,0,6,0,2,0
4647,0,8,0,2,0
4648,0,8,0,2,0
4649,0,10,0,2,0
4650,0,8,1,2,0
4651,0,9,1,2,0
4652,0,4,0,2,0
4653,0,3,0,2,0
4654,0,9,0,2,0
4655,0,7,0,2,0
4656,0,8,0,2,0
4657,0,10,0,2,0
4658,0,2,0,2,0
4659,0,9,0,2,0
4660,0,8,1,2,0
4661,0,11,0,2,0
4662,0,6,0,2,0
4663,0,4,0,2,0
4664,0,10,0,2,0
4665,0,5,0,2,0
4666,0,9,0,2,0
4667,0,6,0,2,0
4668,0,3,0,2,0
4669,0,11,0,2,0
4670,0,10,0,2,0
4671,0,10,0,2,0
4672,0,7,0,2,0
4673,0,3,0,2,0
4674,0,6,0,2,0
4675,0,6,0,2,0
4676,0,9,0,2,0
4677,0,10,0,2,0
4678,0,12,0,2,0
4679,0,11,0,2,0
4680,0,13,0,2,0
4681,0,13,1,2,0
4682,0,6,0,2,0
4683,0,5,0,2,0
4684,0,7,0,2,0
4685,0,13,0,2,0
4686,0,11,0,2,0
4687,0,6,0,2,0
4688,0,10,0,2,0
4689,0,3,0,2,0
4690,0,11,0,2,0
4691,0,8,0,2,0
4692,0,7,0,2,0
4693,0,7,0,2,0
4694,0,7,0,2,0
4695,0,4,0,2,0
4696,0,10,0,2,0
4697,0,8,0,2,0
4698,0,8,1,2,0
4699,0,8,0,2,0
4700,0,17,0,2,0
4701,0,7,0,2,0
4702,0,9,0,2,0
4703,0,5,0,2,0
4704,0,9,0,2,0
4705,0,13,0,2,0
4706,0,7,0,2,0
4707,0,14,0,2,0
4708,0,8,0,2,0
4709,0,8,0,2,0
4710,0,4,0,2,0
4711,0,4,0,2,0
4712,0,6,0,2,0
4713,0,5,0,2,0
4714,0,9,0,2,0
4715,0,6,0,2,0
4716,0,9,1,2,0
4717,0,13,0,2,0
4718,0,5,0,2,0
4719,0,5,0,2,0
4720,0,7,0,2,0
4721,0,8,0,2,0
4722,0,8,0,2,0
4723,0,8,0,2,0
4724,0,9,0,2,0
4725,0,5,0,2,0
4726,0,9,1,2,0
4727,0,9,1,2,0
4728,0,9,0,2,0
4729,0,5,1,2,0
4730,0,7,1,2,0
4731,0,8,0,2,0
4732,0,8,0,2,0
4733,0,10,0,2,0
4734,0,13,0,2,0
4735,0,11,0,2,0
4736,0,4,0,2,0
4737,0,6,0,2,0
4738,0,5,1,2,0
4739,0,8,1,2,0
4740,0,5,0,2,0
4741,0,9,1,2,0
4742,0,10,1,2,0
4743,0,7,0,2,0
4744,0,9,0,2,0
4745,0,9,0,2,0
4746,0,8,0,2,0
4747,0,6,0,2,0
4748,0,7,0,2,0
4749,0,10,0,2,0
4750,0,11,0,2,0
4751,0,10,0,2,0
4752,0,11,0,2,0
4753,0,7,0,2,0
4754,0,8,0,2,0
4755,0,9,0,2,0
4756,0,6,0,2,0
4757,0,6,0,2,0
4758,0,13,0,2,0
4759,0,8,0,2,0
4760,0,6,0,2,0
4761,0,6,0,2,0
4762,0,12,0,2,0
4763,0,8,0,2,0
4764,0,11,0,2,0
4765,0,8,0,2,0
4766,0,9,0,2,0
4767,0,9,0,2,0
4768,0,8,0,2,0
4769,0,10,1,2,0
4770,0,6,0,2,0
4771,0,6,0,2,0
4772,0,2,0,2,0
4773,0,12,1,2,0
4774,0,9,0,2,0
4775,0,6,0,2,0
4776,0,5,0,1,0
4777,0,5,0,1,0
4778,0,10,0,1,0
4779,0,5,0,1,0
4780,0,7,0,1,0
4781,0,6,0,1,0
4782,0,4,0,1,0
4783,0,6,0,1,0
4784,0,9,1,1,0
4785,0,13,0,1,0
4786,0,10,0,1,0
4787,0,6,0,1,0
4788,0,5,0,1,0
4789,0,8,0,1,0
4790,0,14,0,1,0
4791,0,4,0,1,0
4792,0,7,0,1,0
4793,0,7,0,1,0
4794,0,6,0,1,0
4795,0,11,1,1,0
4796,0,13,0,1,0
4797,0,11,0,1,0
4798,0,7,0,1,0
4799,0,7,0,1,0
4800,0,7,0,1,0
4801,0,3,0,1,0
4802,0,11,0,1,0
4803,0,6,0,1,0
4804,0,6,1,1,0
4805,0,7,1,1,0
4806,0,7,0,1,0
4807,0,11,0,1,0
4808,0,7,0,1,0
4809,0,5,0,1,0
4810,0,14,0,1,0
4811,0,6,0,1,0
4812,0,6,0,1,0
4813,0,6,0,1,0
4814,0,4,0,1,0
4815,0,6,0,1,0
4816,0,12,0,1,0
4817,0,10,0,1,0
4818,0,11,0,1,0
4819,0,9,0,0,0
4820,0,8,0,0,0
4821,0,10,0,0,0
4822,0,9,1,0,0
4823,0,12,0,0,0
4824,0,12,0,0,0
4825,0,9,0,0,0
4826,0,8,0,0,0
4827,0,4,0,0,0
4828,0,7,0,0,0
4829,0,12,0,0,0
4830,0,7,0,0,0
4831,0,5,0,0,0
4832,0,10,0,0,0
4833,0,3,0,0,0
4834,0,7,0,0,0
4835,0,6,1,0,0
4836,0,11,0,0,0
4837,0,9,0,0,0
4838,0,11,0,0,0
4839,0,7,0,0,0
4840,0,10,0,0,0
4841,0,4,0,0,0
4842,0,10,0,0,0
4843,0,8,0,0,0
4844,0,10,0,0,0
4845,0,10,0,0,0
4846,0,10,0,0,0
4847,0,11,0,0,0
4848,0,10,1,0,0
4849,0,8,1,0,0
4850,0,10,0,0,0
4851,0,7,0,0,0
4852,0,6,0,0,0
4853,0,9,0,0,0
4854,0,8,0,0,0
4855,0,8,0,0,0
4856,0,10,1,0,0
4857,0,9,1,0,0
4858,0,7,1,0,0
4859,0,9,1,0,0
4860,0,8,0,0,0
4861,0,3,0,0,0
4862,0,7,0,0,0
4863,0,7,0,0,0
4864,0,7,0,0,0
4865,0,18,0,0,0
4866,0,11,0,0,0
4867,0,6,1,0,0
4868,0,9,0,0,0
4869,0,6,0,0,0
4870,0,5,0,0,0
4871,0,3,0,0,0
4872,0,10,0,0,0
4873,0,7,0,0,0
4874,0,13,0,0,0
4875,0,9,0,0,0
4876,0,9,0,0,0
4877,0,5,0,0,0
4878,0,7,0,0,0
4879,0,4,0,0,0
4880,0,5,0,0,0
4881,0,11,0,0,0
4882,0,9,0,0,0
4883,0,5,0,0,0
4884,0,8,0,0,0
4885,0,6,0,0,0
4886,0,11,0,0,0
4887,0,9,0,0,0
4888,0,11,0,0,0
4889,0,10,0,0,0
4890,0,5,0,0,0
4891,0,10,0,0,0
4892,0,10,0,0,0
4893,0,9,0,0,0
4894,0,14,0,0,0
4895,0,13,0,0,0
4896,0,8,0,0,0
4897,0,10,0,0,0
4898,0,10,0,0,0
4899,0,8,0,0,0
4900,0,9,0,0,0
4901,0,5,0,0,0
4902,0,11,0,0,0
4903,0,9,0,0,0
4904,0,10,0,0,0
4905,0,8,0,0,0
4906,0,8,0,0,0
4907,0,9,0,0,0
4908,0,8,0,0,0
4909,0,6,0,0,0
4910,0,7,0,0,0
4911,0,4,0,0,0
4912,0,8,0,0,0
4913,0,6,0,0,0
4914,0,7,0,0,0
4915,0,7,0,0,0
4916,0,5,0,0,0
4917,0,6,0,0,0
4918,0,7,0,0,0
4919,0,10,0,0,0
4920,0,7,0,0,0
4921,0,12,0,0,0
4922,0,5,0,0,0
4923,0,10,0,0,0
4924,0,7,0,0,0
4925,0,7,0,0,0
4926,0,14,0,0,0
4927,0,9,0,0,0
4928,0,10,0,0,0
4929,0,8,0,0,0
4930,0,14,0,0,0
4931,0,8,1,0,0
4932,0,10,1,0,0
4933,0,8,0,0,0
4934,0,11,1,0,0
4935,0,9,1,0,0
4936,0,14,1,0,0
4937,0,9,2,0,0
4938,0,5,0,0,0
4939,0,7,0,0,0
4940,0,12,0,0,0
4941,0,10,1,0,0
4942,0,15,0,0,0
4943,0,8,0,0,0
4944,0,5,0,0,0
4945,0,11,0,0,0
4946,0,8,0,0,0
4947,0,5,0,0,0
4948,0,5,0,0,0
4949,0,8,0,0,0
4950,0,9,0,0,0
4951,0,13,0,0,0
4952,0,10,0,0,0
4953,0,12,0,0,0
4954,0,11,0,0,0
4955,0,5,0,0,0
4956,0,5,0,0,0
4957,0,11,1,0,0
4958,0,5,0,0,0
4959,0,6,0,0,0
4960,0,5,0,0,0
4961,0,5,1,0,0
4962,0,9,0,0,0
4963,0,6,0,0,0
4964,0,6,0,0,0
4965,0,10,0,0,0
4966,0,6,0,0,0
4967,0,8,0,0,0
4968,0,7,0,0,0
4969,0,2,0,0,0
4970,0,10,0,0,0
4971,0,7,0,0,0
4972,0,4,1,0,0
4973,0,8,0,0,0
4974,0,6,0,0,0
4975,0,6,0,0,0
4976,0,17,0,0,0
4977,0,12,0,0,0
4978,0,4,0,0,0
4979,0,7,1,0,0
4980,0,14,0,0,0
4981,0,10,1,0,0
4982,0,7,1,0,0
4983,0,8,0,0,0
4984,0,12,0,0,0
4985,0,6,0,0,0
4986,0,7,1,0,0
4987,0,8,0,0,0
4988,0,14,0,0,0
4989,0,10,0,0,0
4990,0,7,0,0,0
4991,0,10,0,0,0
4992,0,6,0,0,0
4993,0,6,0,0,0
4994,0,9,0,0,0
4995,0,6,0,0,0
4996,0,9,1,0,0
4997,0,9,0,0,0
4998,0,12,0,0,0
4999,0,12,0,0,0
